     0/399    0.233G   0.06348   0.01875   0.05361    0.1358         8       640 0.0002497   0.02008 3.541e-05 5.584e-06   0.06445   0.01352   0.04151
     1/399     0.64G   0.05933   0.01234   0.04971    0.1214         8       640  0.003398   0.01137  0.001062 0.0001791    0.0622   0.01145   0.03941
     2/399     0.64G   0.06012   0.01126   0.04585    0.1172         8       640   0.00282   0.01073 0.0005979  0.000111   0.06324   0.01091   0.04054
     3/399     0.64G   0.05668   0.01088   0.04458    0.1121         7       640  0.001389    0.1802  0.001032 0.0001871   0.06241   0.01059   0.03559
     4/399     0.64G   0.05572   0.01078   0.04222    0.1087         8       640  0.005013   0.05165  0.006549  0.001189   0.06286   0.01048   0.03624
     5/399    0.642G   0.05653   0.01121   0.04071    0.1084        12       640    0.1325    0.1445  0.004835   0.00113   0.06157   0.01048   0.03387
     6/399    0.642G   0.05596   0.01112   0.03941    0.1065         9       640    0.1295    0.1738   0.00445 0.0006434   0.06576   0.01022   0.03278
     7/399    0.642G   0.05456   0.01103   0.03663    0.1022        11       640    0.6305  0.008657  0.002403 0.0003902   0.06364   0.01011   0.03545
     8/399    0.642G   0.05477   0.01121   0.03527    0.1013         6       640    0.3875    0.1425   0.01053  0.002113   0.06205   0.01033   0.03363
     9/399    0.642G    0.0519   0.01085   0.03379   0.09655        10       640    0.1418    0.0634  0.004737 0.0009826   0.06628  0.009617   0.03681
    10/399    0.642G   0.05207   0.01132   0.03345   0.09684         9       640     0.944   0.03333   0.04252  0.007177   0.06845   0.00981   0.03735
    11/399    0.642G   0.04954    0.0112   0.03146   0.09219         8       640    0.1303     0.159  0.004617  0.000697   0.06771   0.01041   0.03424
    12/399    0.642G   0.05119   0.01113   0.03045   0.09277        11       640     0.765   0.02893  0.008498  0.001436   0.06764   0.01115   0.03273
    13/399    0.642G   0.04879   0.01126   0.02861   0.08865        10       640    0.7694   0.02457   0.01315  0.003657   0.07313  0.008841   0.03632
    14/399    0.642G   0.04734   0.01074    0.0289   0.08698         8       640  0.009767     0.184  0.006888  0.001117   0.07252  0.009326   0.03461
    15/399    0.642G   0.04768   0.01236   0.02794   0.08798         8       640    0.7737   0.04228   0.01561  0.002437    0.0658   0.01034   0.03037
    16/399    0.642G   0.04812    0.0124    0.0255   0.08602         9       640    0.7706    0.0271   0.01084  0.002148   0.06343   0.01073    0.0289
    17/399    0.642G   0.04287   0.01248   0.02413   0.07949        13       640    0.6485   0.05603   0.01182  0.002195   0.06389   0.01017   0.02949
    18/399    0.642G   0.04549   0.01144   0.02294   0.07987         9       640    0.6476   0.07005   0.01823  0.004171   0.06405   0.01039   0.02968
    19/399    0.642G   0.04109   0.01186   0.02363   0.07658         9       640    0.6499   0.06692    0.0313  0.006727    0.0627   0.01055    0.0274
    20/399    0.642G   0.04547   0.01184    0.0236   0.08092         7       640     0.539   0.07647   0.03461  0.006179   0.06234   0.01014   0.02743
    21/399    0.642G     0.043    0.0115   0.02352   0.07802         8       640    0.6639   0.08054   0.04366   0.01078   0.06137   0.01041   0.02661
    22/399    0.642G   0.04436   0.01128   0.02231   0.07795         7       640    0.4152    0.1708   0.04563   0.01009   0.06089   0.01048   0.02673
    23/399    0.642G   0.04109   0.01164   0.02086   0.07359         7       640    0.6828   0.04866    0.0421  0.009826   0.05912   0.01055   0.02617
    24/399    0.642G   0.04136   0.01183   0.02241   0.07559         8       640    0.5703    0.1212   0.06212   0.01658   0.05934   0.01057   0.02637
    25/399    0.642G   0.03871   0.01141   0.02021   0.07034         8       640     0.408    0.1599   0.04213   0.01031   0.06007   0.01161   0.02657
    26/399    0.642G   0.04117   0.01154   0.02041   0.07312        10       640    0.8469   0.06764    0.0617   0.01403   0.06212   0.01015   0.02246
    27/399    0.642G   0.03985   0.01183   0.01887   0.07055        10       640    0.7401   0.07143   0.07109   0.02054   0.06227   0.01055   0.02523
    28/399    0.642G   0.03903   0.01174   0.01839   0.06916         8       640    0.3301     0.246    0.1056   0.03224   0.06209  0.009925   0.02138
    29/399    0.642G   0.03718   0.01156   0.01895   0.06769        12       640    0.5491    0.1079   0.06479    0.0192   0.06338   0.01085    0.0248
    30/399    0.642G   0.03944   0.01116   0.02044   0.07104         6       640    0.8832   0.08784    0.1148   0.03462   0.06263   0.01019   0.02134
    31/399    0.642G   0.03916   0.01142   0.01814   0.06872        21       640    0.3447    0.2233    0.1223   0.03442   0.06102  0.009829   0.02014
    32/399    0.642G    0.0385   0.01143   0.01756    0.0675         9       640    0.8681   0.09179    0.1134   0.02991   0.06153  0.009842    0.0213
    33/399    0.642G   0.03799   0.01194   0.01742   0.06734        20       640    0.2739    0.2016    0.1406   0.04229   0.05876   0.01003   0.02206
    34/399    0.642G    0.0362   0.01184   0.01642   0.06445         5       640    0.6232    0.1006     0.125   0.03787   0.05801    0.0103   0.02089
    35/399    0.642G   0.03713    0.0116   0.01513   0.06386         9       640    0.7755    0.1019    0.1365   0.04616   0.05752   0.01052   0.02071
    36/399    0.642G   0.03743   0.01146   0.01602   0.06491        10       640     0.899    0.1186     0.137   0.03747   0.06053  0.009782   0.02011
    37/399    0.642G   0.03655    0.0118   0.01406   0.06241         6       640    0.9099   0.08965    0.1357   0.04324   0.05878   0.01066   0.02452
    38/399    0.642G   0.03736   0.01089   0.01658   0.06483         7       640    0.1299    0.4266    0.1597   0.04452   0.05974  0.009731    0.0184
    39/399    0.642G   0.03799   0.01127   0.01577   0.06504        10       640    0.9359   0.09218    0.1249   0.04016   0.05937   0.01038   0.01956
    40/399    0.642G   0.03701   0.01152   0.01301   0.06154         9       640    0.4612     0.142    0.1206   0.03429   0.05998  0.009848   0.01879
    41/399    0.642G   0.03765   0.01103   0.01364   0.06231        10       640     0.293     0.309    0.1769   0.05347   0.05793   0.00985   0.01999
    42/399    0.642G   0.03699    0.0117   0.01435   0.06304         8       640    0.5429    0.1894    0.1674   0.04433    0.0582   0.01034   0.01987
    43/399    0.642G   0.03752   0.01117   0.01351    0.0622         6       640    0.1549    0.3059    0.2123   0.05938    0.0558   0.01036   0.01781
    44/399    0.642G   0.03695   0.01183   0.01256   0.06135        14       640    0.5031    0.1139   0.08992   0.02407   0.06132   0.01031   0.02394
    45/399    0.642G     0.037   0.01121   0.01351   0.06173         4       640    0.5493    0.1869    0.1823   0.05352   0.05882  0.009845   0.01616
    46/399    0.642G   0.03774   0.01154   0.01327   0.06255         6       640    0.3104    0.1735    0.1366   0.03466    0.0618   0.01056   0.02311
    47/399    0.642G   0.03714   0.01177   0.01215   0.06106        10       640    0.3627    0.2377    0.2202   0.05739   0.05681   0.01026   0.01694
    48/399    0.642G   0.03728    0.0112   0.01237   0.06085        11       640    0.4619    0.2049    0.1927   0.06263   0.05878  0.009675   0.01826
    49/399    0.642G   0.03648     0.011   0.01294   0.06042        14       640    0.5181    0.1925    0.2007   0.06532   0.05781   0.01023   0.01594
    50/399    0.642G   0.03628   0.01128    0.0112   0.05876         8       640    0.4717     0.238    0.2143     0.067   0.05894   0.01037   0.01949
    51/399    0.642G   0.03551   0.01134   0.01095    0.0578         7       640    0.5178    0.2643    0.2788   0.08529   0.05755  0.009543   0.01424
    52/399    0.642G   0.03476   0.01142   0.01196   0.05814         7       640    0.2158    0.2611    0.2064   0.06812   0.05876  0.009961    0.0184
    53/399    0.642G   0.03706   0.01137   0.01057     0.059        17       640    0.4416    0.2192    0.2125   0.06395   0.06148  0.009614   0.01682
    54/399    0.642G   0.03598   0.01061   0.01146   0.05805        13       640    0.3844    0.3666     0.327       0.1   0.05914  0.009491   0.01267
    55/399    0.642G   0.03578   0.01086   0.01015    0.0568        11       640    0.1453    0.4057    0.2506   0.07681   0.05861  0.009697   0.01409
    56/399    0.642G   0.03648   0.01125   0.01152   0.05925        13       640    0.2207    0.3403    0.2515   0.07627   0.06051  0.009745    0.0148
    57/399    0.642G   0.03549    0.0105   0.01017   0.05616        11       640    0.4598    0.4368    0.3573     0.112   0.05785  0.009719   0.01526
    58/399    0.642G   0.03747   0.01067    0.0104   0.05855         4       640    0.2173    0.3963    0.2795   0.08898   0.05689   0.00974   0.01427
    59/399    0.642G   0.03709   0.01089    0.0115   0.05948        13       640    0.3965    0.3313    0.3387   0.09997   0.05825   0.01024   0.01531
    60/399    0.642G   0.03488   0.01056   0.01021   0.05566         6       640    0.2392    0.3677    0.2859   0.09283   0.05807  0.009773   0.01379
    61/399    0.642G    0.0344   0.01095  0.009669   0.05502         9       640    0.8331    0.1834    0.3035     0.109   0.05878  0.009577   0.01237
    62/399    0.642G   0.03533   0.01066  0.008384   0.05437        10       640    0.3532    0.3782    0.3562    0.1072   0.05933  0.009394   0.01477
    63/399    0.642G    0.0376   0.01071    0.0105   0.05882         7       640    0.1859    0.2946    0.2423   0.07598   0.05619   0.01007   0.01318
    64/399    0.642G   0.03441   0.01052   0.01168   0.05661         7       640    0.6415    0.2567    0.2734   0.09058   0.05602   0.01003   0.01537
    65/399    0.642G   0.03807   0.01081    0.0105   0.05937         8       640    0.2167    0.4105    0.2842   0.09603   0.05759  0.009855    0.0159
    66/399    0.642G   0.03356   0.01101  0.009876   0.05445        10       640    0.4897    0.4693    0.4806    0.1289   0.05625  0.009485   0.01252
    67/399    0.642G   0.03535   0.01081  0.009104   0.05527        10       640    0.4574    0.5129    0.4828    0.1478   0.05605  0.009688    0.0104
    68/399    0.642G   0.03377   0.01063  0.008886   0.05329         7       640    0.3274    0.3986    0.3622    0.1098   0.05598  0.009689   0.01139
    69/399    0.642G   0.03389   0.01012  0.009427   0.05343         5       640    0.4886     0.451    0.4225    0.1271    0.0575  0.009339    0.0115
    70/399    0.642G   0.03425   0.01094  0.008629   0.05382         8       640     0.548     0.358    0.4317    0.1362   0.05618  0.009558   0.01169
    71/399    0.642G   0.03539   0.01074  0.009838   0.05598        15       640    0.3709    0.4857     0.445    0.1268   0.05571  0.009723    0.0101
    72/399    0.642G   0.03649   0.01035  0.009211   0.05604         7       640    0.2879    0.6035    0.4506    0.1452   0.05532  0.009367    0.0106
    73/399    0.642G   0.03279   0.01064  0.009037   0.05247        10       640    0.4096    0.3401    0.3798    0.1271   0.05514  0.009378   0.01182
    74/399    0.642G   0.03481   0.01033  0.009019   0.05417        12       640    0.4576    0.5151    0.4733    0.1406   0.05512  0.009391   0.01046
    75/399    0.642G   0.03426   0.01012  0.008401   0.05277         9       640    0.2852    0.5027    0.3214    0.1081   0.05908  0.009458   0.01208
    76/399    0.642G   0.03498   0.01071  0.008871   0.05456         8       640    0.4384    0.5607    0.4932    0.1543   0.05466  0.009538   0.01039
    77/399    0.642G    0.0366   0.01011  0.008058   0.05477         4       640    0.4701    0.6185    0.5735    0.1907   0.05651  0.009127  0.009868
    78/399    0.642G    0.0338    0.0105  0.007818   0.05212         9       640    0.3729    0.5481    0.4583    0.1418   0.05596  0.009118  0.009486
    79/399    0.642G    0.0361   0.01099  0.008178   0.05527        14       640     0.286    0.3232    0.2768   0.09264   0.05695  0.009968   0.01454
    80/399    0.642G   0.03431   0.01026  0.006654   0.05123         9       640    0.6186    0.5675    0.6055    0.2083   0.05654  0.008829  0.008735
    81/399    0.642G   0.03366   0.01021  0.007372   0.05125         4       640    0.4542    0.5601    0.5564    0.1789   0.05492  0.009329  0.009715
    82/399    0.642G   0.03314   0.01044  0.008079   0.05166         5       640    0.2986    0.5887    0.4452    0.1372   0.05481  0.009171   0.00984
    83/399    0.642G    0.0336   0.01006  0.007351   0.05101         6       640    0.3606    0.5292    0.4836    0.1572   0.05337  0.009259  0.009481
    84/399    0.642G   0.03397   0.01043  0.007169   0.05156         8       640     0.376    0.6023    0.4806    0.1582   0.05365  0.009534  0.009619
    85/399    0.642G   0.03304   0.01043  0.008271   0.05174         7       640    0.5093    0.5178    0.5115    0.1607   0.05401  0.009182   0.01019
    86/399    0.642G   0.03453   0.01065  0.007182   0.05236        15       640    0.3251    0.4562    0.3567     0.115   0.05646  0.009543   0.01387
    87/399    0.642G   0.03376  0.009911  0.006598   0.05027         5       640    0.3788    0.4961     0.454    0.1566   0.05426  0.009271   0.01178
    88/399    0.642G   0.03369  0.009893  0.006934   0.05052        12       640    0.3917    0.6413    0.5427    0.1782   0.05562  0.008767  0.009096
    89/399    0.642G   0.03337   0.01026  0.007478   0.05111         5       640    0.3954    0.6893    0.5427    0.1693   0.05355  0.009415  0.008549
    90/399    0.642G   0.03425   0.01065  0.008081   0.05298        11       640    0.4133    0.5683    0.5239     0.185   0.05391  0.008931  0.008835
    91/399    0.642G   0.03502   0.01029  0.008787   0.05409        12       640    0.4621    0.5084    0.5022    0.1784   0.05138  0.009585   0.01131
    92/399    0.642G   0.03542   0.01026   0.00752    0.0532         6       640    0.3782    0.5074    0.4637    0.1527   0.05176  0.009355   0.01083
    93/399    0.642G   0.03317  0.009754  0.006904   0.04983         5       640       0.4    0.6341    0.5148    0.1757   0.05053  0.009088   0.01066
    94/399    0.642G   0.03326    0.0101  0.007358   0.05071         6       640    0.6271    0.3096    0.3799    0.1223   0.05231  0.009962   0.01484
    95/399    0.642G   0.03294  0.009771  0.005401   0.04811         7       640    0.4435    0.5131     0.446    0.1504   0.05165   0.00976   0.01088
    96/399    0.642G     0.035   0.01044  0.008403   0.05384        16       640    0.6042    0.7332     0.714    0.2443   0.05213  0.008697  0.008347
    97/399    0.642G   0.03366   0.01023  0.008056   0.05195         9       640    0.4691    0.5086    0.5287    0.1956   0.05525  0.009242   0.01196
    98/399    0.642G   0.03405   0.01065  0.008081   0.05278        10       640    0.5012    0.4867    0.5472    0.2045   0.05526  0.008902   0.01043
    99/399    0.642G   0.03341   0.01038  0.006588   0.05037         8       640    0.4695    0.7196     0.623     0.218   0.05615  0.008841  0.008978
   100/399    0.642G   0.03345   0.01039  0.006461   0.05031        12       640    0.6101    0.5571    0.6357    0.2458   0.05615  0.008514  0.008701
   101/399    0.642G   0.03116   0.01029  0.005931   0.04738         8       640    0.4371    0.6907    0.5954    0.2161   0.05743  0.008543  0.008069
   102/399    0.642G   0.03675   0.01005  0.007038   0.05384         7       640     0.593    0.6519    0.6574     0.247   0.05512  0.008368   0.00838
   103/399    0.642G   0.03403  0.009977  0.007125   0.05113         6       640    0.4828    0.6292    0.5839    0.2151   0.05508  0.008542  0.008918
   104/399    0.642G   0.03036  0.009774  0.005867     0.046        10       640    0.4874    0.6182    0.6115    0.2191   0.05321  0.008901  0.008493
   105/399    0.642G   0.03345  0.009768  0.006338   0.04956         5       640    0.5032    0.5436    0.5033    0.1879   0.05491  0.009402   0.01193
   106/399    0.642G   0.03574   0.01039  0.008638   0.05477         6       640    0.6505     0.651    0.7013    0.2858   0.05225  0.008473  0.007925
   107/399    0.642G   0.03242  0.009916   0.00588   0.04821         6       640    0.6583    0.5799    0.6642    0.2568   0.05313   0.00886   0.01014
   108/399    0.642G   0.03274  0.009684  0.006341   0.04876        10       640    0.4845    0.6513    0.6078    0.2212   0.05306  0.008727  0.007188
   109/399    0.642G   0.03272   0.01015   0.00617   0.04903        10       640    0.5923    0.5939     0.645     0.248   0.05319  0.008481  0.007015
   110/399    0.642G   0.03432   0.00979  0.007009   0.05112         8       640    0.5865    0.4392    0.5399    0.1869   0.05508  0.008621  0.008937
   111/399    0.642G   0.03158   0.01034  0.006178   0.04809        19       640    0.5203    0.6776     0.662    0.2309   0.05307  0.008844  0.008311
   112/399    0.642G   0.03107  0.009766   0.00594   0.04677         9       640    0.5483     0.687    0.7083    0.2798   0.05125    0.0087  0.007484
   113/399    0.642G   0.03278   0.01007  0.005878   0.04872         9       640    0.5807    0.6971    0.6839    0.2553   0.05061  0.008568  0.006967
   114/399    0.642G   0.03363  0.009963   0.00699   0.05058         8       640    0.6613     0.614    0.6651    0.2611   0.04981  0.009085  0.007185
   115/399    0.642G   0.03269   0.01024   0.00631   0.04924        10       640    0.6746    0.5805    0.6685    0.2692   0.05152   0.00895  0.008387
   116/399    0.642G   0.03373  0.009708  0.006064   0.04951        12       640    0.6547    0.6127    0.6285    0.2407   0.04867   0.00906  0.007288
   117/399    0.642G   0.03366  0.009778  0.006213   0.04965         9       640    0.4299    0.7056    0.5891    0.2286   0.05241  0.009392  0.009061
   118/399    0.642G   0.03394  0.009687  0.006306   0.04993         8       640    0.4821    0.5635     0.575    0.2174   0.05167  0.008741  0.007379
   119/399    0.642G   0.03106  0.009885   0.00639   0.04734         4       640    0.5129    0.6296    0.6175    0.2454   0.05138  0.008532  0.006976
   120/399    0.642G   0.03303   0.01021  0.007094   0.05033        11       640    0.6141    0.6562    0.6443    0.2365   0.05267   0.00892  0.006996
   121/399    0.642G   0.03497  0.009681   0.00619   0.05084        10       640    0.4967    0.6873    0.6313     0.226   0.05274  0.008964  0.006983
   122/399    0.642G   0.03256   0.00965  0.005575   0.04778        13       640    0.5246    0.6922    0.6243    0.2157   0.05378  0.008382  0.006261
   123/399    0.642G   0.03185  0.009689   0.00597   0.04751        11       640    0.5333    0.7402    0.6815    0.2599   0.05253  0.008695  0.006086
   124/399    0.642G   0.03271  0.009729  0.006218   0.04866        11       640    0.4893    0.6824    0.6288    0.2395   0.05319  0.009014  0.007172
   125/399    0.642G   0.03215  0.009701  0.005409   0.04726        10       640     0.563    0.7065    0.7108    0.2689   0.04885  0.008806  0.006316
   126/399    0.642G   0.03177  0.009674  0.005714   0.04716         5       640    0.5796    0.4436    0.4868    0.1834   0.05375  0.009248   0.01071
   127/399    0.642G   0.03314  0.009671  0.005821   0.04863         8       640     0.665    0.6441    0.7283    0.2564   0.05008  0.008848  0.007177
   128/399    0.642G   0.03328   0.00991  0.006193   0.04938        12       640    0.5345    0.5483    0.6165    0.2146   0.05028  0.009331    0.0101
   129/399    0.642G    0.0319  0.009466    0.0054   0.04676         6       640    0.6137    0.5585    0.6356    0.2401    0.0486  0.008853  0.006506
   130/399    0.642G   0.03319  0.009508  0.006925   0.04962        10       640    0.5944     0.665    0.6791    0.2482   0.04849  0.008995  0.007365
   131/399    0.642G    0.0331  0.009694  0.005338   0.04813         8       640    0.5881    0.6776    0.6974    0.2738   0.04746  0.008703  0.006496
   132/399    0.642G   0.03015  0.009027  0.004724    0.0439         7       640    0.6166    0.7034    0.7361    0.3044   0.04861  0.008279  0.006444
   133/399    0.642G   0.03218  0.009476  0.006222   0.04788         5       640    0.6609    0.6685    0.7262    0.2717   0.05055  0.008936  0.006856
   134/399    0.642G   0.03218   0.01001  0.006376   0.04857         8       640    0.5847    0.6385    0.6596    0.2488   0.05374  0.008688  0.007721
   135/399    0.642G   0.03146  0.009605   0.00595   0.04702        10       640    0.5618    0.7693    0.7161    0.2705   0.05591  0.008676  0.007549
   136/399    0.642G   0.03193  0.009764  0.005122   0.04681         4       640    0.5592    0.7143    0.6609    0.2449    0.0547  0.008068  0.006234
   137/399    0.642G   0.03137  0.009228  0.005605   0.04621        10       640    0.6896    0.6159    0.6893    0.2683   0.05437  0.008296  0.007806
   138/399    0.642G   0.03224  0.009559  0.004771   0.04657         6       640    0.6278    0.6038     0.678     0.278   0.05227  0.008456    0.0068
   139/399    0.642G   0.03223  0.009351  0.005862   0.04744         9       640    0.5712    0.6443    0.6769    0.2644   0.05175  0.008727  0.006857
   140/399    0.642G   0.03084  0.009445  0.005502   0.04579         7       640    0.5021    0.6648    0.6077     0.233   0.05226  0.008717  0.009472
   141/399    0.642G   0.03203   0.01009  0.007019   0.04914         8       640    0.5324    0.6379    0.6415    0.2548   0.04946  0.008479  0.005956
   142/399    0.642G    0.0308  0.009698  0.005055   0.04555        13       640    0.7434    0.6016    0.7382    0.2826    0.0485  0.008282  0.006608
   143/399    0.642G   0.03076  0.009322  0.006107   0.04619        15       640    0.6011    0.7266    0.6886    0.2717   0.04838  0.008625  0.007573
   144/399    0.642G   0.03086  0.009511   0.00616   0.04653         9       640    0.6446    0.8338    0.7681    0.3404   0.04811  0.008543  0.006075
   145/399    0.642G   0.03255  0.009271  0.006481   0.04831         4       640    0.5918    0.7775    0.7537    0.2946   0.04785  0.008391  0.006446
   146/399    0.642G   0.03022  0.009394  0.005291   0.04491         6       640    0.6361    0.7715    0.7519     0.306    0.0512  0.008049  0.006091
   147/399    0.642G   0.03187  0.009118  0.004895   0.04588        10       640    0.5972    0.6541    0.6906    0.2841   0.05242  0.008232  0.006253
   148/399    0.642G   0.03158  0.009343  0.006126   0.04704        10       640     0.669    0.7492    0.8018    0.3071   0.05161  0.007921  0.005489
   149/399    0.642G   0.03047  0.009415  0.004727   0.04461         7       640      0.64    0.8057     0.786    0.3194   0.05245  0.008059   0.00571
   150/399    0.642G   0.03246  0.009531   0.00606   0.04805         7       640     0.618    0.7194    0.7152    0.2745   0.05176  0.008151  0.005316
   151/399    0.642G   0.03084   0.00936  0.006669   0.04687         7       640    0.6505    0.6893    0.7285    0.3069   0.05227  0.008298  0.005808
   152/399    0.642G   0.03217  0.009555  0.005624   0.04735         7       640    0.7373    0.6269    0.7372    0.3242   0.04912  0.008172  0.005829
   153/399    0.642G   0.03199  0.009824  0.005807   0.04762         7       640    0.5964    0.6972    0.6511    0.2489   0.04882  0.008577  0.006985
   154/399    0.642G   0.02902  0.009283   0.00434   0.04264         4       640    0.5772     0.777    0.7344    0.2877   0.04627  0.008783  0.006171
   155/399    0.642G   0.03075  0.009513  0.005229   0.04549         9       640    0.6439    0.7388    0.7482    0.3067   0.04626  0.008547  0.005593
   156/399    0.642G   0.03032  0.009712   0.00508   0.04511         6       640    0.6671    0.6334    0.7356    0.3113    0.0459  0.008361  0.005112
   157/399    0.642G   0.03222  0.009481  0.005714   0.04742        13       640    0.6278    0.7674    0.7865    0.3236   0.04641  0.008616  0.005229
   158/399    0.642G   0.02808  0.008776  0.004094   0.04095         6       640    0.8095      0.66    0.7905    0.3208   0.04874  0.008272   0.00497
   159/399    0.642G    0.0314  0.009446  0.005453    0.0463        12       640    0.6287    0.6826    0.7284    0.3021   0.04795  0.008305  0.005102
   160/399    0.642G   0.03168  0.009224  0.005532   0.04644         9       640    0.7441    0.6721    0.7778     0.306   0.04873   0.00842  0.005395
   161/399    0.642G     0.032  0.009763  0.005471   0.04724         8       640     0.557    0.8037    0.7284    0.2854   0.04969  0.008127  0.005365
   162/399    0.642G   0.03079  0.009201  0.004719   0.04471         8       640    0.6461    0.7505    0.7632    0.3054   0.05061  0.007659  0.005032
   163/399    0.642G   0.03078  0.009164  0.006072   0.04601        10       640    0.6626    0.7865    0.8008    0.3137   0.04889  0.008115  0.005567
   164/399    0.642G   0.03038    0.0092  0.004774   0.04435         4       640     0.668     0.818    0.7537    0.3114   0.04934  0.007918  0.005486
   165/399    0.642G   0.03266  0.009384  0.005137   0.04718         5       640    0.6644    0.8096    0.7493    0.3009   0.05175  0.007941  0.005467
   166/399    0.642G   0.03164  0.009071   0.00563   0.04634         9       640    0.6051    0.7439    0.7211    0.2657   0.05364  0.007808  0.005247
   167/399    0.642G   0.03112  0.009783  0.006735   0.04764         9       640    0.6319    0.7922    0.7607    0.3105   0.05321  0.008077  0.005144
   168/399    0.642G   0.03041   0.00977  0.004668   0.04485         5       640    0.6887    0.7235    0.7492    0.3139   0.05269  0.007937  0.005078
   169/399    0.642G   0.03245  0.008907  0.004929   0.04629         6       640    0.6408    0.7235    0.7564    0.2998   0.05042  0.008248  0.005644
   170/399    0.642G   0.02982    0.0094  0.006122   0.04534        14       640    0.5492    0.8452    0.7694    0.2986   0.05034  0.008053  0.005775
   171/399    0.642G   0.03247  0.009258  0.004767   0.04649        10       640    0.6554    0.7499    0.7598    0.3014   0.04962  0.008179  0.006132
   172/399    0.642G   0.03226  0.008962  0.003653   0.04487        10       640    0.6216    0.7934    0.7665    0.3258   0.04908  0.008386  0.005073
   173/399    0.642G   0.03014  0.009159  0.004575   0.04387        12       640    0.5928    0.8013    0.7927    0.3393   0.04931  0.008093   0.00491
   174/399    0.642G   0.03292  0.009541  0.005903   0.04837         8       640    0.7313    0.7831    0.7889    0.3143   0.05026  0.008107  0.004738
   175/399    0.642G   0.03142  0.009058  0.005234   0.04572         9       640    0.6207     0.841    0.8183    0.3275   0.04973  0.008093  0.004861
   176/399    0.642G    0.0293  0.008583  0.003394   0.04127         6       640    0.7162    0.7989    0.8209    0.3597   0.04931   0.00803   0.00526
   177/399    0.642G   0.03217  0.009271  0.004375   0.04582         7       640    0.6871    0.7489    0.7768    0.3278   0.04931  0.007677  0.005068
   178/399    0.642G   0.03099  0.009481  0.005158   0.04563         7       640    0.8275    0.6721    0.7817    0.3207   0.04914  0.008215  0.005717
   179/399    0.642G   0.03073    0.0089  0.004057   0.04369         6       640    0.6271    0.8388    0.7976    0.3463   0.04705  0.008281     0.005
   180/399    0.642G   0.03089   0.00946  0.003582   0.04393        12       640    0.7365    0.7152     0.769    0.3315   0.04701  0.007965  0.005442
   181/399    0.642G   0.03056  0.009414  0.005793   0.04577         8       640    0.6668    0.8257    0.7928    0.3159   0.04627  0.008056  0.005086
   182/399    0.642G   0.03021  0.009307  0.004292   0.04381         4       640    0.7597    0.6958    0.7963    0.3379   0.04621  0.008157  0.005191
   183/399    0.642G   0.03263  0.009514  0.004938   0.04708         5       640    0.6557     0.846    0.7921    0.3551   0.04496  0.008438  0.005287
   184/399    0.642G   0.03117  0.009353  0.005261   0.04578         7       640    0.6207    0.8525    0.7844     0.332   0.04557  0.008337  0.005719
   185/399    0.642G   0.02933   0.00948  0.004571   0.04338         9       640    0.6974    0.7687    0.8037    0.3605   0.04401  0.008009  0.004988
   186/399    0.642G   0.03018  0.009083  0.003887   0.04315         7       640    0.7234    0.7415    0.8015    0.3586   0.04493   0.00817  0.005467
   187/399    0.642G    0.0306  0.009315  0.004616   0.04453         7       640    0.7285    0.8584    0.8744    0.3994   0.04449  0.008165  0.005808
   188/399    0.642G   0.02881  0.008983  0.004668   0.04246         8       640    0.6628    0.8196    0.8268    0.3447   0.04406   0.00813  0.005295
   189/399    0.642G   0.02879  0.009075  0.003956   0.04182         5       640    0.6293    0.7398    0.7514     0.325   0.04607  0.008256  0.005451
   190/399    0.642G   0.03081   0.00907  0.004976   0.04486         8       640    0.6374    0.7783    0.7419    0.3025   0.04675  0.008108  0.005327
   191/399    0.642G   0.02973  0.009566   0.00613   0.04542        11       640    0.6442    0.7922     0.769    0.3196   0.04527  0.008443  0.005352
   192/399    0.642G   0.02968   0.00928  0.005772   0.04473         7       640    0.6858    0.8552    0.8274    0.3688   0.04512  0.008049  0.005338
   193/399    0.642G   0.03121  0.009224  0.004611   0.04505         9       640    0.7383    0.7887    0.8337    0.3486   0.04595  0.008073  0.005261
   194/399    0.642G   0.03017  0.009667  0.004624   0.04447         9       640    0.7307    0.7254    0.8017    0.3229   0.04586  0.008516  0.004885
   195/399    0.642G   0.02802  0.009152  0.004652   0.04182         7       640    0.7771    0.7946    0.8521    0.3617   0.04617  0.008351  0.004473
   196/399    0.642G      0.03  0.008866  0.003785   0.04265         7       640    0.7907    0.7134    0.7983    0.3555   0.04587  0.008149  0.004603
   197/399    0.642G   0.02988  0.008959  0.003405   0.04224        12       640    0.7005    0.7497     0.787    0.3326    0.0451  0.008333  0.005017
   198/399    0.642G   0.03209  0.009284  0.005654   0.04703         4       640    0.8177    0.6824    0.8213    0.3474   0.04471  0.008302  0.004901
   199/399    0.642G   0.02834  0.009073  0.004902   0.04231         7       640    0.6877    0.7708    0.7711    0.3335   0.04563  0.008329  0.005813
   200/399    0.642G   0.02986  0.008991  0.005238   0.04409         5       640    0.6223    0.8218    0.7794    0.3483   0.04396  0.008416  0.005372
   201/399    0.642G   0.03012  0.009264  0.004639   0.04402         6       640    0.7151    0.8511    0.8316    0.3617   0.04443  0.008239  0.005174
   202/399    0.642G   0.02945  0.009112  0.004969   0.04353        11       640    0.7897    0.7878    0.8424    0.3568   0.04455  0.008095  0.004897
   203/399    0.642G   0.03012  0.009385  0.003734   0.04324         8       640     0.745    0.7439    0.8109    0.3459   0.04455  0.007961  0.004589
   204/399    0.642G   0.03009  0.008922  0.003593    0.0426         9       640     0.673    0.8137    0.8176    0.3599   0.04374  0.008043  0.004472
   205/399    0.642G   0.02908  0.008805  0.005607   0.04349         5       640    0.7412    0.7401    0.7789    0.3302   0.04442  0.007827  0.004706
   206/399    0.642G   0.02869  0.008472  0.003817   0.04097         3       640    0.6408    0.8411    0.7601    0.3154   0.04392  0.008114  0.004321
   207/399    0.642G   0.02888  0.008433  0.003997   0.04131         3       640    0.7625    0.7814     0.819    0.3614   0.04409  0.008458  0.004377
   208/399    0.642G   0.02873  0.009092  0.004112   0.04194         5       640    0.6866    0.8092    0.8287    0.3761   0.04411  0.008024  0.004714
   209/399    0.642G   0.02778  0.008745  0.003152   0.03968         6       640    0.6787    0.8862    0.8579    0.3813   0.04405  0.007909   0.00465
   210/399    0.642G   0.02943  0.008812  0.003925   0.04217        11       640    0.7968    0.7929    0.8658    0.3765   0.04407  0.008119  0.004514
   211/399    0.642G    0.0299  0.009119  0.003891   0.04291         9       640    0.7694    0.8188    0.8428    0.3534   0.04437  0.008275   0.00454
   212/399    0.642G     0.029  0.008948  0.003837   0.04179         6       640    0.7079    0.8619    0.8502    0.3751   0.04418  0.008071  0.004403
   213/399    0.642G   0.02959  0.008948  0.003836   0.04237        12       640    0.7551    0.8634    0.8718    0.4222   0.04349  0.007961  0.004351
   214/399    0.642G   0.03117  0.008776   0.00389   0.04383         5       640    0.8187    0.7805    0.8553    0.3919   0.04382  0.008012  0.004339
   215/399    0.642G   0.03065   0.00902  0.003902   0.04358        12       640     0.704    0.8028    0.8325    0.3788   0.04426  0.008052  0.004184
   216/399    0.642G   0.02943  0.009015  0.004951    0.0434         6       640    0.7565    0.7768    0.8436    0.3842    0.0441  0.007926  0.004407
   217/399    0.642G   0.02874  0.009089  0.003687   0.04152        12       640    0.7215    0.8032    0.8282    0.3902   0.04446  0.007897  0.004353
   218/399    0.642G   0.02872  0.009359  0.004363   0.04245         9       640    0.7819    0.7896    0.8385    0.3783   0.04372  0.008139  0.004223
   219/399    0.642G   0.02827  0.008871  0.003601   0.04074        10       640    0.7674    0.8731    0.8587     0.379   0.04248  0.008394  0.003827
   220/399    0.642G   0.03033  0.009169  0.004856   0.04436         9       640    0.7724    0.7828      0.83     0.373   0.04274  0.008265  0.003981
   221/399    0.642G   0.02975  0.009051  0.004166   0.04297         9       640    0.7674    0.7643    0.8414     0.394   0.04436  0.007857  0.004049
   222/399    0.642G   0.03016  0.008773  0.004493   0.04343        13       640     0.771    0.8193    0.8635    0.3907    0.0447  0.008067   0.00405
   223/399    0.642G   0.03036  0.009207  0.006061   0.04562         6       640    0.7603    0.8352    0.8596    0.3956   0.04444  0.007971  0.004105
   224/399    0.642G   0.02925  0.009236  0.004751   0.04324         6       640    0.7617    0.8257    0.8504    0.3806   0.04513  0.007983  0.003998
   225/399    0.642G   0.02756  0.008586  0.003745   0.03989         9       640    0.7731    0.8534     0.872    0.4086   0.04411  0.007891  0.003859
   226/399    0.642G   0.02911  0.009131  0.004075   0.04232         6       640    0.7667    0.8129    0.8624    0.3987   0.04421  0.007923  0.003896
   227/399    0.642G   0.02855  0.009122  0.004543   0.04221        11       640    0.7294    0.8626    0.8581     0.381   0.04459     0.008  0.003953
   228/399    0.642G   0.02878  0.008762  0.003576   0.04112         2       640    0.8575    0.7949    0.9072    0.4304   0.04539  0.007751  0.004152
   229/399    0.642G   0.02814  0.008996  0.003302   0.04044        11       640    0.8092    0.9125    0.9188    0.4185   0.04463  0.007751  0.004118
   230/399    0.642G   0.03066  0.009119  0.005003   0.04478         8       640    0.8567    0.8268    0.8848    0.4308   0.04418  0.007732   0.00418
   231/399    0.642G   0.02937  0.008895   0.00374   0.04201         5       640    0.8431    0.7874    0.8913      0.42   0.04413  0.007899  0.004033
   232/399    0.642G   0.03129  0.009298  0.004884   0.04547        10       640    0.9117    0.7959    0.9041    0.4298   0.04452  0.007809  0.003728
   233/399    0.642G   0.03119  0.009631  0.005041   0.04586        11       640    0.7775    0.8695    0.8789     0.404   0.04403  0.007983  0.003785
   234/399    0.642G   0.02863  0.009306  0.003369   0.04131         7       640     0.846    0.8082    0.8724    0.4018   0.04331  0.007906  0.003639
   235/399    0.642G   0.02713  0.008727  0.003542    0.0394         7       640    0.8184    0.7508    0.8648    0.3984   0.04313  0.007928  0.003549
   236/399    0.642G   0.02943  0.008939  0.004144   0.04251         8       640    0.7743    0.8756    0.8791    0.4423   0.04352  0.007715   0.00369
   237/399    0.642G   0.02894  0.009117  0.003877   0.04193         9       640    0.8153    0.8577    0.8909    0.4327   0.04401  0.007823  0.003654
   238/399    0.642G   0.02683  0.008885  0.003518   0.03923         8       640    0.7589    0.8689    0.8871    0.4065   0.04415  0.007877  0.003502
   239/399    0.642G    0.0287  0.008813  0.004099   0.04161         5       640    0.7928    0.8031    0.8597    0.3839   0.04578  0.007763  0.003585
   240/399    0.642G   0.02923  0.008763  0.004201   0.04219         9       640    0.7788    0.8728    0.8842    0.3931   0.04724  0.007625  0.003618
   241/399    0.642G   0.02852  0.009068    0.0038   0.04139         5       640    0.8015     0.824    0.8743    0.3871   0.04657  0.007771  0.003784
   242/399    0.642G   0.02956  0.009007  0.003718   0.04228         7       640    0.7665    0.8456    0.8858    0.4142   0.04695  0.007736  0.003615
   243/399    0.642G   0.02908  0.009361  0.005277   0.04372        14       640    0.7901    0.8979    0.9005    0.4139   0.04603  0.007622  0.003681
   244/399    0.642G   0.02811  0.008877  0.003472   0.04045         7       640    0.7857     0.888    0.8977    0.4346   0.04545  0.007582  0.003719
   245/399    0.642G   0.02852  0.008662  0.004134   0.04131         7       640    0.7974    0.9197    0.9206    0.4242   0.04484  0.007595  0.003785
   246/399    0.642G   0.02853   0.00943  0.003162   0.04112         6       640     0.824    0.8564    0.9219    0.4338   0.04441  0.007654  0.003794
   247/399    0.642G   0.03052  0.009377  0.004056   0.04395         9       640    0.8255    0.8242    0.9124    0.4333   0.04435  0.007643  0.003876
   248/399    0.642G   0.02955  0.008957  0.005935   0.04444         6       640    0.7763    0.9149    0.9134    0.4303   0.04593  0.007499  0.003859
   249/399    0.642G   0.03042  0.009011  0.003619   0.04305        10       640    0.7615    0.9214    0.8906     0.407   0.04552  0.007604  0.003684
   250/399    0.642G   0.03101  0.008849  0.003332   0.04319         9       640    0.8229    0.8251    0.8979    0.3995   0.04514  0.007634   0.00365
   251/399    0.642G   0.02789  0.008752  0.003441   0.04009        13       640     0.852     0.835    0.9159    0.4136     0.045  0.007625  0.003664
   252/399    0.642G   0.03144  0.009206  0.003097   0.04374         9       640    0.8203    0.8516    0.8922    0.4165   0.04554  0.007514  0.003663
   253/399    0.642G   0.02715  0.008789  0.003294   0.03923         9       640    0.7867    0.8933    0.9112    0.4239   0.04527  0.007546  0.003564
   254/399    0.642G   0.02935  0.009297    0.0039   0.04255        11       640    0.8458    0.8775    0.9188    0.4224   0.04396  0.007624  0.003501
   255/399    0.642G   0.03008  0.008516  0.003796   0.04239         6       640    0.7565    0.8623    0.8825    0.4091     0.044  0.007699  0.003694
   256/399    0.642G   0.02932  0.008847   0.00406   0.04222         9       640    0.7888    0.8184    0.8649    0.4158   0.04372   0.00759    0.0038
   257/399    0.642G   0.02661  0.008389  0.002622   0.03762        11       640    0.7937    0.8469     0.866    0.4055    0.0436   0.00764  0.003661
   258/399    0.642G   0.03031   0.00899  0.003846   0.04314         9       640    0.8152    0.8625    0.8991    0.4115   0.04352  0.007669  0.003385
   259/399    0.642G   0.02987  0.008801  0.003715   0.04238         9       640    0.7879    0.8906    0.9067    0.4129   0.04373   0.00773  0.003537
   260/399    0.642G   0.02937  0.009038  0.004235   0.04264        11       640    0.8102    0.8654    0.8973    0.4151   0.04349  0.007593  0.003574
   261/399    0.642G   0.02782  0.008902  0.003818   0.04054         7       640    0.8451    0.8495    0.9213    0.4271   0.04417  0.007474  0.003483
   262/399    0.642G   0.02906  0.008792  0.003531   0.04138         8       640    0.8022    0.8993    0.9025    0.4289   0.04444  0.007368  0.003484
   263/399    0.642G    0.0293  0.008756  0.003687   0.04174        13       640    0.8106    0.8918    0.8982    0.4156   0.04387  0.007414  0.003513
   264/399    0.642G   0.02756  0.008671  0.002903   0.03913        10       640    0.8146    0.8931    0.9091    0.4297   0.04433  0.007487   0.00348
   265/399    0.642G   0.03061  0.009235  0.003493   0.04333         7       640    0.8564    0.8636    0.9227    0.4316   0.04421  0.007535  0.003519
   266/399    0.642G   0.03005  0.008581  0.003729   0.04236         5       640    0.8626     0.888    0.9266    0.4456   0.04454  0.007562  0.003458
   267/399    0.642G   0.02589  0.008603   0.00294   0.03743         9       640    0.8472    0.8993    0.9384    0.4541   0.04401  0.007528  0.003393
   268/399    0.642G   0.02749  0.008715  0.002674   0.03888        12       640    0.8647    0.8102    0.9181    0.4417   0.04309  0.007701  0.003181
   269/399    0.642G   0.02832  0.008768  0.003181   0.04027        10       640    0.8829    0.8571    0.9347    0.4436    0.0431  0.007674  0.003106
   270/399    0.642G   0.02898  0.009122  0.004841   0.04294         8       640    0.8372    0.8281    0.9073    0.4228   0.04342  0.007651  0.003124
   271/399    0.642G   0.02685  0.008488  0.003496   0.03883         7       640    0.8291    0.8795     0.913    0.4271   0.04356  0.007581  0.003116
   272/399    0.642G   0.02831  0.008368  0.003279   0.03995         5       640    0.8527    0.8736     0.919    0.4355   0.04447  0.007517  0.003324
   273/399    0.642G   0.02829  0.008716   0.00406   0.04106        11       640    0.8613    0.9137    0.9375    0.4474   0.04508  0.007433  0.003385
   274/399    0.642G    0.0298  0.009015  0.003969   0.04279         6       640    0.8317     0.904    0.9335     0.441   0.04491  0.007456  0.003514
   275/399    0.642G   0.02947  0.008363  0.003672    0.0415         9       640    0.8721    0.9109    0.9472    0.4528   0.04456  0.007428  0.003471
   276/399    0.642G   0.02807  0.008959  0.003815   0.04084        15       640    0.8526    0.8955     0.937    0.4375   0.04406  0.007412  0.003573
   277/399    0.642G   0.02703  0.008883   0.00293   0.03885        11       640    0.8243    0.9047    0.9262    0.4505   0.04477  0.007553  0.003617
   278/399    0.642G   0.02884  0.008877  0.003415   0.04113         7       640    0.8913      0.89    0.9401    0.4473   0.04421  0.007562  0.003572
   279/399    0.642G   0.02829  0.008603  0.003897   0.04079         6       640    0.8737    0.9011    0.9438    0.4559   0.04365  0.007587  0.003516
   280/399    0.642G   0.02858  0.008506  0.002802   0.03989         7       640    0.8532    0.8499    0.9179    0.4326   0.04348  0.007564  0.003506
   281/399    0.642G   0.02618  0.008621  0.002777   0.03758        10       640    0.8361    0.9165    0.9361    0.4425   0.04285  0.007623  0.003481
   282/399    0.642G    0.0284  0.008372  0.003426    0.0402        11       640    0.9254    0.8682    0.9448    0.4473   0.04245  0.007633  0.003482
   283/399    0.642G   0.03113  0.008988  0.004146   0.04426        10       640    0.8996    0.8729    0.9409    0.4432   0.04246  0.007587  0.003559
   284/399    0.642G   0.02818   0.00858  0.002908   0.03966         6       640    0.8818    0.9134      0.95    0.4264    0.0431   0.00755  0.003589
   285/399    0.642G   0.02797  0.008694  0.003154   0.03982        11       640    0.8427     0.909     0.947    0.4307   0.04356  0.007535  0.003536
   286/399    0.642G    0.0284  0.008463  0.003391   0.04026         8       640    0.8267    0.9118    0.9246    0.4253   0.04371  0.007559    0.0035
   287/399    0.642G   0.02905  0.008554   0.00304   0.04065        15       640    0.8935    0.8251    0.9204    0.4283   0.04376  0.007565  0.003504
   288/399    0.642G    0.0291  0.008859  0.004056   0.04202        10       640     0.903    0.8525    0.9497    0.4504   0.04381   0.00751  0.003505
   289/399    0.642G   0.02989  0.008677  0.003349   0.04191         5       640    0.9094    0.8792    0.9553    0.4558   0.04403  0.007514  0.003423
   290/399    0.642G   0.02729  0.009084  0.004748   0.04112         8       640    0.9107    0.8507    0.9498    0.4582   0.04411  0.007521  0.003441
   291/399    0.642G   0.02884  0.008952  0.003312    0.0411         8       640    0.8026    0.9328    0.9483     0.461     0.044  0.007397  0.003416
   292/399    0.642G   0.02811  0.008989  0.003422   0.04052         6       640    0.8376    0.9216    0.9433    0.4595   0.04396  0.007437  0.003417
   293/399    0.642G   0.02793  0.008529  0.002655   0.03912        10       640    0.8682    0.9071    0.9572    0.4546   0.04364   0.00746  0.003441
   294/399    0.642G   0.02858  0.008482  0.003122   0.04018         7       640    0.8536    0.9229     0.947    0.4566   0.04349  0.007471  0.003377
   295/399    0.642G   0.02658  0.008918  0.002926   0.03843        12       640    0.9107    0.8971    0.9544    0.4605   0.04369   0.00752  0.003417
   296/399    0.642G   0.02836  0.008646  0.002949   0.03995         7       640     0.883    0.9129    0.9439    0.4441   0.04396  0.007495  0.003466
   297/399    0.642G   0.02813  0.008428  0.003075   0.03963         7       640    0.9169    0.8888    0.9489    0.4593   0.04403  0.007499  0.003581
   298/399    0.642G    0.0281  0.008863  0.004305   0.04127         8       640    0.9148    0.9228    0.9601    0.4481   0.04377  0.007473  0.003496
   299/399    0.642G   0.02869  0.008593  0.003568   0.04085        12       640    0.9279    0.8766    0.9532    0.4313   0.04371  0.007535  0.003393
   300/399    0.642G   0.02848  0.008383  0.002907   0.03977         6       640    0.9265    0.8636    0.9597     0.446   0.04388   0.00755  0.003363
   301/399    0.642G    0.0283  0.008555  0.003285   0.04014         7       640    0.9138    0.8994    0.9588    0.4537   0.04384  0.007488  0.003325
   302/399    0.642G   0.02876  0.009173  0.004136   0.04207         8       640    0.9353    0.8441    0.9475    0.4449   0.04405  0.007343  0.003316
   303/399    0.642G   0.02679  0.008482  0.002943   0.03822         5       640    0.8828    0.8974     0.936    0.4377   0.04396  0.007357  0.003331
   304/399    0.642G   0.02657   0.00845  0.003054   0.03807         7       640    0.9008    0.8864    0.9531    0.4575   0.04389  0.007409  0.003291
   305/399    0.642G   0.02736  0.008048  0.002858   0.03827         5       640    0.8966    0.8893    0.9604    0.4613   0.04392  0.007449  0.003247
   306/399    0.642G   0.02713  0.008585  0.002449   0.03816         4       640     0.853    0.9329    0.9472    0.4551   0.04373  0.007504   0.00326
   307/399    0.642G   0.02891   0.00877  0.003114   0.04079        17       640    0.8622    0.9511    0.9486    0.4581   0.04378  0.007413   0.00331
   308/399    0.642G   0.02654  0.008298  0.001948   0.03679        11       640    0.8459    0.9291    0.9439    0.4528   0.04386  0.007435  0.003347
   309/399    0.642G   0.02732  0.008223  0.003105   0.03864         9       640    0.8119    0.9519    0.9435    0.4533   0.04412  0.007389  0.003286
   310/399    0.642G   0.02742  0.008351  0.003948   0.03972        11       640    0.8918    0.9048    0.9468    0.4607   0.04392  0.007477  0.003237
   311/399    0.642G   0.02845   0.00828   0.00268   0.03941         8       640    0.8304     0.946    0.9497    0.4662   0.04404  0.007379  0.003221
   312/399    0.642G   0.02668  0.008143   0.00342   0.03825         8       640    0.8455    0.9423    0.9517      0.46   0.04378  0.007384  0.003285
   313/399    0.642G   0.02792  0.008478  0.003334   0.03973         8       640    0.8546    0.9474    0.9498    0.4551   0.04353  0.007417  0.003322
   314/399    0.642G   0.02799  0.008532  0.003806   0.04033         6       640    0.8958    0.8896    0.9517    0.4671   0.04306  0.007436  0.003316
   315/399    0.642G   0.02882    0.0089    0.0036   0.04132        14       640    0.8412    0.9132    0.9421    0.4753   0.04306  0.007397  0.003277
   316/399    0.642G   0.02704  0.008393  0.003248   0.03868         6       640    0.8876    0.9116    0.9559    0.4801   0.04319  0.007419  0.003229
   317/399    0.642G   0.02891  0.008263  0.002986   0.04016         7       640    0.8411    0.9344    0.9478    0.4691   0.04322  0.007407  0.003171
   318/399    0.642G   0.02801  0.008842  0.002955    0.0398        10       640    0.8392    0.9181    0.9403    0.4703   0.04311  0.007403  0.003167
   319/399    0.642G   0.02949  0.008382  0.002468   0.04034         7       640    0.8596    0.9284    0.9473    0.4723   0.04323  0.007394  0.003183
   320/399    0.642G   0.02893   0.00885  0.003943   0.04173        13       640    0.8537    0.9426     0.948    0.4578   0.04307  0.007366   0.00326
   321/399    0.642G   0.02845  0.008596  0.003901   0.04094        10       640    0.8297    0.9419    0.9455    0.4642   0.04323  0.007372  0.003286
   322/399    0.642G   0.02999  0.009153  0.003984   0.04313         7       640    0.8485    0.9195    0.9479    0.4674   0.04344  0.007341   0.00326
   323/399    0.642G   0.02667  0.008698  0.002462   0.03783         7       640    0.8498    0.9216    0.9478    0.4673   0.04365  0.007301  0.003248
   324/399    0.642G   0.02694  0.008694  0.002912   0.03855         7       640     0.908    0.8842     0.944    0.4537   0.04384  0.007256  0.003218
   325/399    0.642G    0.0275  0.008618  0.003224   0.03934        10       640    0.8877    0.9146    0.9523    0.4673   0.04365  0.007284  0.003236
   326/399    0.642G   0.02587  0.008702  0.004177   0.03875        14       640    0.8524     0.936    0.9492    0.4691   0.04348  0.007256  0.003251
   327/399    0.642G    0.0264  0.008638  0.002426   0.03746         9       640    0.8536     0.928    0.9477    0.4643   0.04337  0.007294  0.003271
   328/399    0.642G   0.02944   0.00894  0.003973   0.04236         8       640    0.8769    0.9237    0.9548    0.4751   0.04326  0.007335  0.003277
   329/399    0.642G   0.02736  0.008756  0.004555   0.04067        13       640      0.87    0.9251    0.9582    0.4756   0.04293   0.00731  0.003289
   330/399    0.642G   0.02965   0.00856  0.003117   0.04133        11       640    0.8556    0.9353    0.9503    0.4666   0.04277  0.007335  0.003237
   331/399    0.642G    0.0276   0.00873  0.003234   0.03956        10       640    0.8977    0.8706    0.9406    0.4655   0.04268    0.0074  0.003198
   332/399    0.642G   0.02687  0.008519  0.002731   0.03812         9       640    0.8481     0.903    0.9252    0.4586   0.04243  0.007385  0.003158
   333/399    0.642G   0.02796  0.008459   0.00309   0.03951        10       640    0.9036    0.9104      0.94    0.4659   0.04228  0.007395  0.003154
   334/399    0.642G   0.02692  0.008872   0.00288   0.03867        18       640    0.8843    0.9218    0.9424    0.4732   0.04219   0.00739   0.00312
   335/399    0.642G   0.02598  0.008189  0.002917   0.03709        14       640    0.9171    0.8898    0.9481     0.468   0.04223  0.007362  0.003137
   336/399    0.642G   0.02723  0.008975  0.003009   0.03922        12       640     0.887    0.9067    0.9353    0.4578   0.04199  0.007409  0.003221
   337/399    0.642G   0.02753  0.008454  0.002731   0.03872        11       640    0.8579    0.9379    0.9381    0.4489   0.04183  0.007392  0.003259
   338/399    0.642G   0.02897   0.00885  0.004289   0.04211        12       640    0.9026    0.9116    0.9409    0.4602   0.04208  0.007327  0.003271
   339/399    0.642G   0.02542  0.008657  0.002543   0.03662         3       640    0.8863    0.9161    0.9441    0.4603   0.04212  0.007316  0.003242
   340/399    0.642G   0.02933  0.008413  0.004021   0.04176         9       640    0.9172    0.8933    0.9539    0.4637   0.04214  0.007324  0.003211
   341/399    0.642G    0.0282  0.008385  0.003681   0.04027         8       640    0.8511    0.9546     0.954    0.4648   0.04221  0.007302  0.003179
   342/399    0.642G   0.02796  0.008316  0.003253   0.03953        11       640    0.8943    0.9286    0.9592    0.4739   0.04205  0.007295  0.003151
   343/399    0.642G   0.02697  0.008591  0.003291   0.03885        14       640    0.8956    0.9352    0.9629    0.4828   0.04203  0.007316  0.003146
   344/399    0.642G   0.02935  0.008679  0.002758   0.04079         9       640    0.9035     0.934    0.9598    0.4775   0.04208  0.007323  0.003125
   345/399    0.642G   0.02789   0.00836  0.003311   0.03956         8       640    0.8726    0.9498    0.9629    0.4788   0.04224  0.007316  0.003092
   346/399    0.642G   0.02737  0.008626  0.003311   0.03931         5       640    0.8576    0.9494    0.9639     0.474   0.04223  0.007349  0.003085
   347/399    0.642G   0.02709   0.00868  0.002469   0.03824        17       640    0.8937     0.916     0.963    0.4742   0.04223  0.007321  0.003104
   348/399    0.642G   0.02766  0.008493  0.002502   0.03866        13       640    0.8974    0.9219    0.9631    0.4787   0.04225  0.007326  0.003119
   349/399    0.642G   0.02807  0.008523  0.003275   0.03987         7       640    0.8731    0.9359    0.9617    0.4742    0.0423  0.007337  0.003127
   350/399    0.642G   0.02726   0.00817  0.003088   0.03852         5       640    0.9002    0.9182    0.9593     0.476   0.04241  0.007342  0.003134
   351/399    0.642G   0.02786  0.008541  0.003502    0.0399        11       640    0.9004    0.9162    0.9556    0.4759   0.04246  0.007329  0.003157
   352/399    0.642G   0.02635   0.00866  0.003429   0.03844        10       640    0.8932    0.9123    0.9455    0.4678   0.04243  0.007351  0.003166
   353/399    0.642G   0.02704  0.008152  0.004236   0.03943         8       640    0.8995    0.8964    0.9476    0.4647   0.04249  0.007358  0.003166
   354/399    0.642G   0.02776  0.008593  0.002707   0.03906         7       640    0.9028    0.9185    0.9515    0.4637   0.04264  0.007345  0.003175
   355/399    0.642G   0.02696   0.00845  0.003685    0.0391        11       640    0.9061    0.9055    0.9526    0.4654   0.04261  0.007317  0.003168
   356/399    0.642G    0.0262  0.008389  0.002918   0.03751         7       640    0.9001    0.9011    0.9435    0.4643    0.0426  0.007307   0.00316
   357/399    0.642G   0.02524  0.008006  0.002678   0.03592         4       640    0.9123    0.8889    0.9383     0.462   0.04248  0.007317  0.003141
   358/399    0.642G   0.02773  0.008572   0.00315   0.03945         7       640    0.8995    0.8916    0.9347    0.4611   0.04241   0.00731  0.003131
   359/399    0.642G   0.02643  0.008751    0.0029   0.03809         6       640    0.8899    0.8939    0.9336    0.4559   0.04237  0.007289  0.003154
   360/399    0.642G   0.02716  0.008369  0.003594   0.03912        11       640    0.9039    0.8826    0.9417    0.4605   0.04229  0.007291  0.003159
   361/399    0.642G   0.02642  0.008604    0.0034   0.03842         9       640    0.8418    0.9451    0.9429    0.4569   0.04227  0.007306  0.003165
   362/399    0.642G   0.02758  0.008605  0.002968   0.03915         7       640     0.846    0.9391    0.9389     0.457   0.04225  0.007316  0.003174
   363/399    0.642G   0.02905  0.008696  0.003363   0.04111         9       640    0.8892    0.9002    0.9408    0.4593   0.04228  0.007302  0.003176
   364/399    0.642G   0.02634   0.00867  0.002806   0.03781        12       640    0.9252    0.8907    0.9483    0.4628    0.0423   0.00731  0.003171
   365/399    0.642G   0.02695  0.008271  0.003384   0.03861         8       640    0.9202    0.8866    0.9537    0.4657    0.0423  0.007314  0.003166
   366/399    0.642G   0.02779  0.008547  0.002895   0.03924        11       640    0.9077    0.9116    0.9606    0.4782    0.0422  0.007345  0.003167
   367/399    0.642G   0.02715  0.008376  0.001904   0.03743         7       640     0.886     0.938    0.9614    0.4764   0.04227  0.007355  0.003173
   368/399    0.642G   0.02612  0.008279  0.002824   0.03722         9       640    0.8713    0.9342    0.9556    0.4722   0.04236  0.007354  0.003155
   369/399    0.642G   0.02654  0.008163  0.002926   0.03763         8       640    0.8732    0.9319    0.9586    0.4758   0.04234  0.007343  0.003135
   370/399    0.642G   0.02708  0.008163   0.00256   0.03781         7       640    0.9233    0.8915    0.9625     0.479   0.04226  0.007344  0.003121
   371/399    0.642G   0.02731  0.008223  0.003148   0.03868        10       640    0.9329    0.8877    0.9622    0.4769   0.04218  0.007365  0.003134
   372/399    0.642G   0.02646  0.008342  0.003648   0.03845         6       640    0.9154    0.8902    0.9615     0.478   0.04218  0.007356  0.003137
   373/399    0.642G   0.02867   0.00858  0.003167   0.04042         2       640    0.9125    0.8953    0.9608    0.4768   0.04218  0.007345  0.003143
   374/399    0.642G   0.02709  0.008403  0.003155   0.03864        11       640    0.9301    0.8754    0.9607    0.4772    0.0422   0.00734  0.003151
   375/399    0.642G    0.0299  0.008516  0.003207   0.04162        19       640    0.9236    0.8907    0.9628    0.4802   0.04225  0.007324  0.003148
   376/399    0.642G   0.02751   0.00862  0.002944   0.03908         5       640     0.924     0.887    0.9629    0.4833    0.0423  0.007325   0.00314
   377/399    0.642G    0.0279  0.008563  0.003491   0.03995         8       640    0.9206    0.8828    0.9608     0.482   0.04232  0.007325  0.003126
   378/399    0.642G   0.02694  0.008242  0.002862   0.03805         6       640    0.9196    0.8831    0.9621    0.4775   0.04231  0.007328  0.003125
   379/399    0.642G   0.02777  0.008317  0.003556   0.03964         7       640     0.921    0.8861    0.9636    0.4764   0.04231   0.00733  0.003119
   380/399    0.642G    0.0234  0.008337  0.002032   0.03377        10       640    0.9054    0.9047    0.9649    0.4795   0.04228  0.007337  0.003114
   381/399    0.642G   0.02782  0.008744   0.00293   0.03949         5       640    0.9185    0.8989    0.9658    0.4749    0.0422  0.007344  0.003101
   382/399    0.642G   0.02712  0.008075  0.002434   0.03763        10       640    0.8825    0.9226    0.9602    0.4752   0.04217  0.007349  0.003095
   383/399    0.642G   0.02585   0.00851  0.003313   0.03767         9       640    0.8826    0.9239    0.9617    0.4756   0.04217  0.007352  0.003095
   384/399    0.642G   0.02588   0.00815   0.00324   0.03727         7       640    0.9072    0.9068    0.9617    0.4723   0.04211  0.007368  0.003097
   385/399    0.642G   0.02795  0.008952  0.003733   0.04064         6       640    0.9045    0.9042    0.9638    0.4722    0.0421  0.007368  0.003107
   386/399    0.642G   0.02819  0.008654  0.003849   0.04069         6       640    0.8754    0.9311     0.964    0.4726   0.04206  0.007358  0.003105
   387/399    0.642G   0.02873  0.008716  0.003026   0.04048        12       640    0.8712    0.9347    0.9632    0.4739   0.04201  0.007361  0.003111
   388/399    0.642G   0.02548  0.008069  0.002727   0.03628         2       640     0.916    0.8932    0.9608    0.4719   0.04193  0.007374  0.003113
   389/399    0.642G   0.02773  0.008452  0.002619    0.0388        11       640    0.8783    0.9379    0.9611    0.4708   0.04188  0.007375  0.003114
   390/399    0.642G   0.02687  0.008136  0.003879   0.03888        12       640    0.9126    0.8941    0.9589    0.4722    0.0419  0.007363  0.003109
   391/399    0.642G    0.0263  0.008808  0.002626   0.03773         8       640    0.9252     0.891    0.9595    0.4735   0.04194  0.007354  0.003102
   392/399    0.642G   0.02782  0.008378  0.002511   0.03871        17       640    0.9164    0.8939    0.9595    0.4741   0.04194  0.007348  0.003102
   393/399    0.642G   0.02824  0.008359  0.004105    0.0407         9       640    0.9187    0.8919    0.9614    0.4736   0.04193  0.007337  0.003092
   394/399    0.642G   0.02712  0.008207  0.003036   0.03836         7       640    0.9165    0.8918    0.9603    0.4713   0.04189   0.00734  0.003095
   395/399    0.642G   0.02464  0.008042  0.002085   0.03476        10       640    0.9201    0.8925    0.9609    0.4738   0.04187  0.007346  0.003103
   396/399    0.642G   0.02787  0.008004  0.003032   0.03891         6       640    0.9157    0.8926    0.9604    0.4737   0.04184  0.007347    0.0031
   397/399    0.642G   0.02476  0.008447  0.002857   0.03606         8       640    0.9212    0.8912    0.9611    0.4768   0.04185  0.007336  0.003099
   398/399    0.642G   0.02742  0.008699  0.002875     0.039         9       640     0.934    0.8793    0.9625    0.4772   0.04186  0.007335  0.003099
   399/399    0.642G   0.02714  0.008323  0.003161   0.03863         7       640    0.9255    0.8858    0.9641    0.4731   0.04185  0.007335  0.003094
