     0/299    0.333G   0.06349   0.01667   0.05149    0.1317        22       640         0         0         0         0   0.07008   0.01362   0.04383
     1/299     0.82G   0.06127   0.01287   0.04949    0.1236        19       640  0.002641   0.01677  0.000801 0.0001397   0.06652   0.01164    0.0417
     2/299     0.82G   0.05962   0.01185    0.0464    0.1179        14       640 1.744e-05  0.003788 6.637e-07 1.327e-07   0.06758   0.01208   0.04092
     3/299     0.82G   0.05904   0.01168   0.04698    0.1177        10       640  0.001218    0.1675 0.0004744 8.757e-05   0.06529   0.01067   0.03922
     4/299     0.82G   0.05735   0.01173   0.04439    0.1135        18       640  0.001184    0.1503 0.0005894 0.0001034   0.06438   0.01058    0.0388
     5/299    0.822G   0.05705   0.01223   0.04476     0.114        14       640    0.2547   0.03208  0.002445 0.0005522   0.06654   0.01033   0.03752
     6/299    0.822G   0.05514   0.01261    0.0413    0.1091        13       640    0.3992    0.0468   0.01124   0.00353   0.06314   0.01063   0.03714
     7/299    0.822G   0.05368   0.01296   0.04026    0.1069        12       640    0.1294    0.1382  0.007175  0.002658   0.06256   0.01081   0.03683
     8/299    0.822G    0.0526   0.01268   0.03924    0.1045        17       640    0.3806   0.09686  0.005054  0.001024   0.06392   0.01054    0.0369
     9/299    0.822G    0.0535     0.013   0.03815    0.1047        14       640    0.4069   0.03352   0.02253  0.008176   0.06532    0.0105    0.0366
    10/299    0.822G   0.05314   0.01293   0.03822    0.1043        12       640     0.512    0.1039  0.007975  0.001382   0.06357   0.01065   0.03732
    11/299    0.822G     0.052   0.01324   0.03837    0.1036        16       640    0.7571     0.075   0.00973  0.002683   0.06652    0.0106   0.03677
    12/299    0.822G   0.05262   0.01296   0.03631    0.1019        13       640    0.1262   0.02039  0.001496  0.000324    0.0621   0.01066   0.03847
    13/299    0.822G    0.0518   0.01299   0.03536    0.1002        13       640    0.6586   0.05278   0.02798  0.005317    0.0653   0.01062   0.03566
    14/299    0.822G   0.05146   0.01324   0.03666    0.1014        16       640    0.5237    0.1293   0.01182  0.002578   0.06826   0.01062   0.03539
    15/299    0.822G   0.05101   0.01314   0.03225    0.0964        15       640    0.5107    0.1174  0.007661  0.001405   0.06658   0.01085   0.03444
    16/299    0.822G   0.05135   0.01315    0.0316    0.0961        13       640    0.5368   0.08655    0.0228  0.005674    0.0644   0.01051   0.03412
    17/299    0.822G   0.05022   0.01296   0.03151   0.09469         7       640    0.2807    0.2741   0.02997  0.007357   0.06432   0.01047   0.03618
    18/299    0.822G   0.04975   0.01278   0.02888    0.0914        12       640    0.6525   0.04548   0.01539  0.003259   0.07216   0.01212   0.03684
    19/299    0.822G   0.05227   0.01337   0.02888   0.09451        10       640    0.6669   0.04122   0.01402  0.003141   0.06941   0.01086     0.034
    20/299    0.822G    0.0511   0.01275   0.02668   0.09053        11       640    0.6772    0.0756   0.04263  0.008098   0.06704   0.01024   0.03093
    21/299    0.822G   0.04882   0.01291   0.02707   0.08881        16       640    0.8047   0.06212   0.03783  0.007794   0.06637   0.01044   0.03174
    22/299    0.822G   0.05111   0.01274     0.025   0.08886        14       640    0.7871    0.0377   0.03311  0.005961   0.06809   0.01208   0.03055
    23/299    0.822G    0.0507    0.0126   0.02401   0.08731        15       640    0.2813    0.3034   0.03375  0.006015   0.06463   0.01369   0.03466
    24/299    0.822G   0.04814   0.01278    0.0233   0.08422        15       640    0.7886   0.06911    0.0593   0.01613   0.06931   0.01074   0.03211
    25/299    0.822G   0.04874   0.01254   0.02455   0.08582        16       640    0.6613   0.07413   0.04458   0.01088   0.06805   0.01299   0.03455
    26/299    0.822G   0.04857   0.01243   0.02449    0.0855        16       640    0.2893    0.1989   0.04415   0.01222   0.06438   0.01014   0.03148
    27/299    0.822G   0.04548   0.01296   0.02328   0.08173        13       640    0.1785     0.382   0.09804   0.02973   0.06404   0.01075   0.02923
    28/299    0.822G   0.04712   0.01244   0.02216   0.08172        10       640    0.5368    0.1832     0.104   0.03891    0.0625    0.0101   0.03016
    29/299    0.822G   0.04683    0.0122   0.02162   0.08066        15       640     0.503    0.1478   0.06818   0.01889   0.06413   0.01055   0.02984
    30/299    0.822G   0.04517   0.01228   0.02131   0.07877         8       640    0.3231    0.2279   0.07665   0.02247   0.06713   0.01035   0.02855
    31/299    0.822G   0.04566   0.01232   0.02287   0.08085        13       640    0.3247    0.2807   0.06372   0.01656   0.06766   0.01376   0.03525
    32/299    0.822G   0.04278    0.0121   0.02239   0.07728        18       640    0.2947   0.09447   0.03481  0.009565   0.06638   0.01369   0.03423
    33/299    0.822G   0.04461   0.01229   0.02086   0.07775        14       640    0.6362   0.06931   0.05842   0.01646   0.06748   0.01193   0.03686
    34/299    0.824G   0.04443   0.01202   0.01962   0.07607        20       640    0.5881    0.2006    0.1547   0.04744   0.05924   0.01007   0.02886
    35/299    0.824G   0.04632   0.01221   0.02078   0.07932        16       640    0.7905    0.1087      0.11   0.03581    0.0627  0.009908   0.02923
    36/299    0.824G   0.04056   0.01193   0.01796   0.07045        12       640    0.2213    0.2593    0.1309   0.04159   0.06034   0.01021   0.02618
    37/299    0.824G   0.04633   0.01233   0.01934   0.07801        14       640     0.641    0.2073    0.1777   0.05452    0.0612   0.01039   0.02493
    38/299    0.824G   0.04261   0.01211   0.01911   0.07383        12       640      0.59    0.2458    0.1837   0.05788   0.05832   0.01179   0.02843
    39/299    0.824G   0.04391   0.01203   0.01809   0.07403        14       640    0.3535    0.2567    0.1513   0.04559   0.06119   0.01116   0.02546
    40/299    0.824G   0.04493   0.01243   0.02111   0.07847        15       640      0.41    0.3234    0.1971   0.05965   0.06083   0.01203   0.02555
    41/299    0.824G   0.04334   0.01196   0.01828   0.07357         7       640    0.3907    0.1981    0.1219   0.04378   0.06555  0.009918   0.02535
    42/299    0.824G   0.04269   0.01176   0.01935    0.0738        13       640    0.4249    0.3317    0.1857   0.06212   0.06289   0.01036    0.0211
    43/299    0.824G   0.04437   0.01167   0.01739   0.07343        15       640     0.391    0.3637    0.1942   0.06996   0.06094  0.009792   0.02398
    44/299    0.824G   0.04403   0.01206   0.01675   0.07284        15       640    0.5787    0.2485    0.2106   0.07072   0.06309   0.01021   0.02141
    45/299    0.824G   0.04468   0.01184   0.01854   0.07505        17       640    0.6796    0.1649    0.1561   0.04988   0.06673    0.0109   0.03345
    46/299    0.824G   0.03954   0.01171   0.01638   0.06763        14       640    0.5211    0.3009    0.2009   0.06716   0.06345   0.00988    0.0247
    47/299    0.824G   0.04223   0.01166   0.01624   0.07012        18       640    0.5633   0.08799   0.07294   0.01983   0.06532   0.01021   0.03106
    48/299    0.824G   0.03962    0.0122   0.01661   0.06843        13       640    0.2637    0.3632    0.2695   0.09916   0.05938   0.01093   0.02273
    49/299    0.824G   0.04302   0.01174    0.0161   0.07086        10       640    0.6849    0.2295    0.2403   0.07085   0.05867   0.01033   0.02253
    50/299    0.824G    0.0433   0.01161   0.01605   0.07096        12       640    0.4495    0.3216    0.2431   0.08574   0.05881  0.009752   0.02093
    51/299    0.824G   0.04163   0.01174     0.016   0.06937        10       640    0.7282    0.1696    0.1896   0.05157   0.06658     0.012   0.03167
    52/299    0.824G   0.04025   0.01161   0.01475    0.0666        16       640    0.3353    0.2988    0.2513   0.09297   0.06129  0.009813    0.0185
    53/299    0.824G   0.03978   0.01147   0.01456   0.06581        11       640    0.4962    0.2795    0.2624   0.07862   0.06347  0.009835   0.02026
    54/299    0.824G   0.03807   0.01193   0.01496   0.06495         9       640    0.3798     0.337    0.2659    0.0745   0.06204  0.009896   0.01938
    55/299    0.824G   0.04042   0.01168   0.01654   0.06864        15       640    0.3411    0.1564   0.09184   0.02336   0.06633   0.01009   0.02771
    56/299    0.824G   0.04176    0.0117   0.01811   0.07158        15       640    0.7582   0.09643    0.1516   0.05006   0.06141   0.01015   0.02726
    57/299    0.824G   0.03875   0.01169   0.01649   0.06693        12       640    0.7116    0.0936    0.1111   0.03557   0.06437   0.01013   0.03292
    58/299    0.824G   0.03883   0.01144   0.01508   0.06536        16       640    0.1578    0.4168     0.221   0.06664   0.06081   0.01166   0.02716
    59/299    0.824G   0.04047   0.01141   0.01479   0.06667        14       640    0.4406    0.4032    0.3283    0.1177   0.06132  0.009771   0.02233
    60/299    0.824G   0.04022   0.01171   0.01324   0.06517        13       640    0.3405    0.2769    0.1894   0.05859   0.06483  0.009831   0.02736
    61/299    0.824G    0.0383   0.01157   0.01439   0.06426        11       640     0.587     0.278    0.3092    0.1055   0.05902  0.009692   0.02098
    62/299    0.824G   0.03792    0.0114   0.01424   0.06356        12       640    0.4027    0.4028    0.3607    0.1197   0.05878  0.009682   0.01884
    63/299    0.824G   0.03958   0.01163   0.01434   0.06556        12       640    0.2524    0.4376    0.3226   0.09664   0.05925  0.009799   0.02016
    64/299    0.824G   0.03804   0.01106   0.01279   0.06189        13       640    0.2983    0.4529    0.3552    0.1198   0.05602  0.009548   0.01788
    65/299    0.824G   0.03842    0.0112   0.01352   0.06314         9       640    0.3738    0.3626     0.367    0.1305   0.05674  0.009752   0.01767
    66/299    0.824G   0.03688   0.01129   0.01213    0.0603        12       640    0.2649     0.424     0.371    0.1205   0.05875  0.009603    0.0182
    67/299    0.824G   0.03626   0.01105   0.01116   0.05847        11       640    0.2995    0.4728    0.4067    0.1399   0.05841  0.009357   0.01817
    68/299    0.824G   0.03733   0.01137   0.01281   0.06151        16       640    0.4758    0.4003    0.3916    0.1465   0.05998  0.009464   0.01677
    69/299    0.824G   0.04012   0.01142   0.01207   0.06361        17       640    0.6576    0.2422    0.3586    0.1326   0.05996  0.009655    0.0199
    70/299    0.824G    0.0371    0.0113   0.01262   0.06102        12       640    0.5468    0.4173    0.4622    0.1637   0.05897   0.00969   0.01718
    71/299    0.824G   0.04083   0.01126   0.01242   0.06451        15       640    0.2454    0.4956      0.39    0.1419   0.05856   0.00943   0.02038
    72/299    0.824G     0.039   0.01121   0.01256   0.06277        12       640    0.2263    0.6159    0.4339    0.1653   0.05858  0.009704   0.01972
    73/299    0.824G     0.037   0.01106   0.01195   0.06002        12       640    0.2851    0.4218    0.3542    0.1213   0.06013  0.009472   0.01973
    74/299    0.824G   0.04106   0.01113   0.01257   0.06475        22       640    0.5046    0.4432    0.4066    0.1453   0.05846  0.009444    0.0191
    75/299    0.824G   0.03622   0.01119   0.01044   0.05785        19       640    0.3863    0.5249    0.4891    0.1965    0.0583  0.009299   0.01487
    76/299    0.824G   0.03616   0.01131     0.011   0.05847        17       640    0.5628    0.4358    0.5026    0.1925   0.05844  0.009574   0.01706
    77/299    0.824G    0.0342   0.01092   0.01077   0.05589        11       640     0.463    0.4498    0.4741    0.1714   0.05989  0.009579   0.01654
    78/299    0.824G    0.0366   0.01137   0.01118   0.05915        20       640    0.5643    0.3286    0.3873    0.1455   0.05978  0.009464   0.01845
    79/299    0.824G   0.03743   0.01126   0.01086   0.05955         7       640    0.4778    0.5922    0.6035    0.2191   0.05776  0.008901   0.01493
    80/299    0.824G   0.03946   0.01098   0.01164   0.06208         9       640    0.6054    0.4846    0.4834     0.177   0.05843  0.009401   0.01656
    81/299    0.824G   0.03931   0.01091   0.01142   0.06165        16       640    0.5778     0.566    0.5971    0.2292   0.05599  0.008956   0.01549
    82/299    0.824G   0.03914   0.01079   0.01132   0.06125        15       640    0.5356    0.5143    0.5325    0.1951   0.05865  0.008845   0.01454
    83/299    0.824G   0.03696   0.01073   0.01109   0.05877        16       640     0.523    0.4589     0.528    0.2042   0.05852  0.008804   0.01594
    84/299    0.824G   0.03824   0.01117   0.01212   0.06153        21       640    0.5448    0.5651    0.6157    0.2352   0.05769  0.008773   0.01627
    85/299    0.824G   0.03746   0.01065   0.01132   0.05943        15       640    0.4421    0.6512    0.5891    0.2266   0.05811  0.008679   0.01576
    86/299    0.824G   0.03814   0.01079   0.01262   0.06155        13       640    0.3637     0.546    0.4873    0.1686   0.05722  0.009329   0.01794
    87/299    0.824G   0.03559   0.01092  0.009693   0.05621        17       640    0.5649     0.581    0.6644    0.2689   0.05482  0.009233   0.01563
    88/299    0.824G   0.03635   0.01066   0.01186   0.05887        13       640    0.5586    0.6219    0.6501    0.2408   0.05763  0.008632   0.01402
    89/299    0.824G    0.0354   0.01075   0.01094   0.05709        13       640     0.689    0.5077    0.6688    0.2349   0.05678  0.009137   0.01629
    90/299    0.824G   0.03633   0.01049  0.009534   0.05634        13       640     0.519    0.6199    0.5935    0.2216   0.05496  0.008851   0.01401
    91/299    0.824G   0.03599   0.01043  0.009548   0.05597        11       640    0.3837    0.6621    0.5668    0.2129   0.05513  0.009018   0.01448
    92/299    0.824G   0.03692   0.01096   0.01197   0.05985        22       640    0.6596    0.5455    0.6482    0.2586   0.05497  0.008616   0.01415
    93/299    0.824G   0.03551   0.01097   0.01082   0.05731        16       640    0.4282     0.618    0.5612    0.2133   0.05621  0.009108   0.01715
    94/299    0.824G   0.03547   0.01051   0.01104   0.05702        17       640     0.328    0.5165      0.45    0.1749   0.05872  0.009018   0.01823
    95/299    0.824G   0.03601   0.01085  0.009519   0.05638        24       640    0.4442    0.5855    0.5606    0.2077   0.05593  0.008893    0.0145
    96/299    0.824G   0.03406   0.01064   0.01196   0.05666         8       640    0.5256     0.647    0.6264      0.26   0.05587  0.008821   0.01539
    97/299    0.824G   0.03496   0.01065  0.009292    0.0549        16       640    0.5934    0.7418    0.7139    0.2715   0.05536  0.008351   0.01402
    98/299    0.824G   0.03443   0.01075  0.009804   0.05499        14       640     0.606    0.6619    0.7078    0.2828   0.05628  0.008413   0.01323
    99/299    0.824G   0.03464   0.01054  0.009663   0.05485        18       640    0.5663    0.6674    0.6666    0.2702   0.05429   0.00855   0.01295
   100/299    0.824G   0.03454   0.01057  0.008902   0.05401         9       640    0.6027    0.7093    0.7224     0.292   0.05233  0.008611   0.01315
   101/299    0.824G   0.03449   0.01035  0.009329   0.05417        13       640    0.6702     0.639    0.6981    0.2919   0.05371  0.008281   0.01304
   102/299    0.824G   0.03469   0.01023  0.009442   0.05436        17       640    0.6309    0.6233     0.668    0.2499   0.05424  0.008533   0.01345
   103/299    0.824G   0.03677   0.01026    0.0106   0.05764        11       640    0.7457     0.621    0.7392    0.2997   0.05337  0.008689   0.01281
   104/299    0.824G    0.0331    0.0105  0.009853   0.05345        17       640    0.6321    0.5788     0.633    0.2391   0.05602  0.008503   0.01343
   105/299    0.824G   0.03517   0.01048   0.01095    0.0566        15       640    0.5123    0.7481    0.6892    0.2787   0.05557  0.008447   0.01295
   106/299    0.824G   0.03518   0.01066  0.009703   0.05554        13       640    0.7032    0.6772    0.7503     0.309   0.05429  0.008637   0.01252
   107/299    0.824G    0.0343   0.01019  0.009497   0.05399        16       640    0.6449    0.6727    0.7141    0.2871   0.05401  0.008388   0.01317
   108/299    0.824G   0.03396   0.01032   0.00893   0.05321         9       640    0.5746    0.7424    0.7339     0.282   0.05422  0.008627   0.01235
   109/299    0.824G    0.0346   0.01034  0.008451   0.05339        13       640     0.635    0.6684    0.7186    0.2894    0.0538  0.008423   0.01293
   110/299    0.824G   0.03412    0.0101   0.01012   0.05435        14       640    0.6503    0.7375     0.723    0.3106   0.05502  0.008148   0.01317
   111/299    0.824G    0.0342   0.01017  0.008573   0.05294        17       640    0.5691    0.7159     0.711    0.2971   0.05463  0.008471   0.01264
   112/299    0.824G   0.03444   0.01022   0.00953   0.05419        20       640    0.6792    0.7245     0.765    0.3396   0.05568  0.008035   0.01153
   113/299    0.824G   0.03292   0.01021  0.008175    0.0513        21       640    0.6819    0.7182    0.8022    0.3604   0.05514   0.00828   0.01236
   114/299    0.824G   0.03423   0.01024  0.008876   0.05334        14       640    0.5773    0.8127    0.7346     0.305   0.05478  0.008201   0.01289
   115/299    0.824G   0.03468   0.01022  0.008902    0.0538        16       640    0.6827    0.7297    0.7796    0.3267   0.05454  0.008299   0.01276
   116/299    0.824G   0.03578   0.01044   0.01063   0.05685        12       640    0.6749    0.7249    0.7617    0.3344   0.05369  0.008385   0.01386
   117/299    0.824G   0.03597   0.01061   0.00914   0.05573        22       640    0.7324    0.6335    0.7408    0.3133   0.05345  0.008789    0.0138
   118/299    0.824G   0.03404   0.01022  0.008267   0.05253        12       640    0.7215    0.7891    0.8159    0.3734   0.05253  0.008079   0.01181
   119/299    0.824G   0.03527   0.01019  0.008475   0.05394        20       640    0.6908    0.7782    0.7836    0.3415   0.05289  0.007948   0.01201
   120/299    0.824G   0.03501   0.01068  0.008923   0.05461        19       640    0.6254    0.7724    0.7592    0.3092   0.05378  0.008911   0.01301
   121/299    0.824G   0.03243    0.0101  0.008369   0.05089        14       640     0.736    0.7617    0.8475    0.3725   0.05093  0.008192   0.01237
   122/299    0.824G   0.03363  0.009977  0.009096   0.05271        11       640    0.6223    0.7822    0.7755    0.3249   0.05222  0.008056   0.01254
   123/299    0.824G   0.03294  0.009794  0.009554   0.05229         8       640    0.6808    0.6902    0.7871    0.3448   0.05481  0.008031   0.01299
   124/299    0.824G   0.03487   0.01019  0.009696   0.05475        14       640    0.6489    0.8523    0.7878    0.3466   0.05422  0.008073   0.01331
   125/299    0.824G   0.03414   0.01025  0.008848   0.05324        24       640      0.61    0.8302    0.7887    0.3458   0.05218  0.008241   0.01374
   126/299    0.824G   0.03075    0.0098  0.007943    0.0485        20       640    0.6335    0.8024    0.7946    0.3379   0.05256  0.008142   0.01289
   127/299    0.824G   0.03724   0.01004  0.008551   0.05583        15       640    0.6684    0.7809    0.7831    0.3226    0.0522  0.008339   0.01266
   128/299    0.824G   0.03479  0.009855  0.007954    0.0526        14       640    0.6704    0.7218    0.7437    0.3209    0.0524  0.008176    0.0131
   129/299    0.824G   0.03333  0.009797  0.008036   0.05117        12       640    0.6936    0.8751    0.8506    0.3951   0.05128  0.008057    0.0129
   130/299    0.824G   0.03414   0.01022  0.007896   0.05227        15       640    0.7803     0.765     0.827     0.371   0.05278  0.008079   0.01126
   131/299    0.824G   0.03369  0.009949  0.007823   0.05146        16       640    0.7812    0.8163     0.852    0.3975   0.05174  0.007777   0.01172
   132/299    0.824G   0.03352  0.009899  0.009234   0.05265        20       640    0.7135    0.8015    0.8268    0.3843   0.05383   0.00783   0.01193
   133/299    0.824G   0.03489   0.01048  0.008818   0.05419        21       640    0.6713    0.7802    0.8166    0.3578   0.05297  0.007881    0.0124
   134/299    0.824G   0.03508   0.01018  0.008578   0.05384        14       640    0.7666    0.8106    0.8511    0.3916   0.05054   0.00811   0.01128
   135/299    0.824G    0.0327    0.0101  0.008315   0.05111        10       640    0.7933    0.7454    0.8534    0.3984   0.05075  0.007946   0.01151
   136/299    0.824G   0.03363   0.01011  0.008681   0.05243        10       640    0.7095    0.7917    0.8438     0.357   0.05215  0.007987   0.01186
   137/299    0.824G    0.0328  0.009932   0.00856    0.0513        18       640    0.7376    0.7302    0.8306     0.379   0.05149  0.007869   0.01208
   138/299    0.824G   0.03234  0.009824  0.007197   0.04936        16       640    0.7387    0.8383      0.85    0.3833   0.05229  0.007791   0.01305
   139/299    0.824G   0.03294  0.009644  0.007867   0.05046        16       640    0.8118    0.7919     0.876    0.4098   0.05084  0.007728   0.01253
   140/299    0.824G   0.03256  0.009949  0.007176   0.04968        14       640    0.7579    0.7106    0.7866    0.3358   0.05348  0.008086   0.01267
   141/299    0.824G   0.03438   0.01011  0.008442   0.05293        11       640    0.7369    0.7641     0.815    0.3704   0.05298  0.007844   0.01197
   142/299    0.824G   0.03317   0.01023  0.007563   0.05097        18       640    0.7758    0.8003     0.844    0.3828   0.05237  0.007774   0.01143
   143/299    0.824G   0.03396  0.009823  0.007497   0.05128        12       640    0.7074    0.8254    0.8362    0.3633   0.05319   0.00779   0.01114
   144/299    0.824G   0.03488   0.00978  0.008318   0.05298        12       640    0.7378    0.7676    0.8054    0.3739    0.0541  0.007894   0.01183
   145/299    0.824G   0.03301  0.009778  0.008124   0.05091        15       640    0.8408    0.7491    0.8601    0.3849   0.05257  0.007843   0.01088
   146/299    0.824G   0.03297  0.009679  0.007342   0.04999         8       640    0.8066    0.8348    0.8833    0.4131   0.05148   0.00788   0.01103
   147/299    0.824G   0.03308  0.009799  0.008326    0.0512        16       640    0.8621     0.823    0.9023    0.4193   0.05177    0.0078   0.01119
   148/299    0.824G    0.0345  0.009729   0.00777     0.052        14       640    0.8453    0.8314     0.885    0.4001   0.05135  0.007732   0.01164
   149/299    0.824G     0.033  0.009491  0.007416    0.0499        16       640    0.8193    0.8045    0.8768    0.4109    0.0511  0.007745   0.01119
   150/299    0.824G   0.03363   0.01034  0.007986   0.05196        15       640    0.7674    0.8122    0.8636      0.38   0.05225  0.007604   0.01114
   151/299    0.824G   0.03213   0.01015  0.008888   0.05116        15       640    0.7894    0.8063    0.8483    0.3907   0.05325  0.007952   0.01203
   152/299    0.824G   0.03498      0.01  0.007288   0.05227        13       640    0.7656    0.8466    0.8814    0.4089   0.05115  0.007808   0.01171
   153/299    0.824G   0.03267    0.0097   0.00768   0.05005        15       640    0.7586    0.8596     0.885    0.4341   0.05118  0.007618   0.01138
   154/299    0.824G   0.03279  0.009726  0.007187    0.0497        11       640    0.7789    0.8041    0.8863    0.4157   0.05156  0.007729   0.01196
   155/299    0.824G   0.03331   0.01003  0.007282   0.05062        17       640    0.8269    0.8854    0.9158    0.4331   0.05117  0.007599   0.01098
   156/299    0.824G   0.03368   0.01006  0.008201   0.05194        15       640    0.8278    0.7871    0.8763    0.4418    0.0516   0.00775   0.01102
   157/299    0.824G   0.03284  0.009851  0.008245   0.05093        15       640    0.8274    0.8869    0.9042    0.4448   0.05174   0.00762   0.01138
   158/299    0.824G   0.03218   0.00943  0.008763   0.05038        13       640    0.6914    0.8946    0.8799    0.4074    0.0515  0.007593   0.01127
   159/299    0.824G   0.03266  0.009656  0.007569   0.04989         8       640    0.8551    0.8146    0.9121    0.4209   0.05094  0.007593   0.01091
   160/299    0.824G   0.03669   0.01003  0.008919   0.05564        25       640    0.8695    0.7946     0.915    0.4242   0.05128  0.007549   0.01097
   161/299    0.824G   0.03094    0.0098  0.006952   0.04769         9       640     0.857    0.8012    0.8835    0.4243   0.05224  0.007502   0.01155
   162/299    0.824G   0.03099  0.009652   0.00663   0.04727        18       640    0.8274    0.8614    0.9027    0.4397   0.05231  0.007414   0.01158
   163/299    0.824G    0.0317  0.009681  0.006612   0.04799        15       640    0.7764    0.8566    0.8971    0.4308   0.05124  0.007525   0.01149
   164/299    0.824G   0.03024  0.009618  0.005746   0.04561        12       640    0.8112    0.8429    0.8945    0.4184   0.05217  0.007403   0.01127
   165/299    0.824G   0.03297   0.01007  0.008167   0.05121        16       640      0.88    0.8539    0.9174    0.4302   0.05187   0.00742   0.01099
   166/299    0.824G   0.03262  0.009573  0.006893   0.04909        13       640    0.8391    0.7977    0.8963    0.4341   0.05117  0.007444   0.01094
   167/299    0.824G   0.03199  0.009841   0.00654   0.04837        19       640    0.8309    0.8778    0.9044    0.4482   0.05096  0.007483   0.01075
   168/299    0.824G   0.03246  0.009601  0.007912   0.04998        11       640    0.7894    0.8751     0.906     0.438   0.05062  0.007503   0.01049
   169/299    0.824G   0.03369  0.009565  0.008338   0.05159        18       640     0.861    0.8447     0.911    0.4439   0.05051  0.007574   0.01056
   170/299    0.824G   0.03184  0.009622  0.007489   0.04895         6       640    0.8297    0.8528    0.9106    0.4478    0.0506  0.007426   0.01049
   171/299    0.824G   0.03323  0.009648  0.006862   0.04974        13       640    0.7644    0.9009    0.8874    0.4311   0.04984  0.007584   0.01007
   172/299    0.824G   0.03202  0.009566  0.006068   0.04766        15       640     0.797    0.8872    0.9149    0.4457   0.04967  0.007577   0.01079
   173/299    0.824G    0.0323  0.009678  0.006684   0.04867        12       640    0.8086    0.8768    0.9022     0.424   0.05042   0.00743   0.01016
   174/299    0.824G   0.03045   0.00947  0.006076     0.046        15       640    0.8234    0.8906    0.8975    0.4399   0.04946  0.007428   0.01042
   175/299    0.824G   0.03395  0.009784  0.007403   0.05113        17       640    0.7847    0.8648    0.8813     0.436   0.05011  0.007544   0.01061
   176/299    0.824G   0.03273  0.009624  0.006884   0.04924        13       640    0.7826    0.7877    0.8424    0.4012    0.0508  0.007891   0.01168
   177/299    0.824G   0.03419  0.009893   0.01029   0.05437        12       640    0.7803     0.905    0.8995    0.4427   0.05083  0.007466   0.01128
   178/299    0.824G   0.03307  0.009648  0.008492   0.05121        10       640    0.8178    0.8501     0.897    0.4234   0.05154  0.007429   0.01066
   179/299    0.824G   0.03248  0.009887  0.008008   0.05037        14       640    0.7913    0.8212    0.8671    0.4243   0.05069  0.007451   0.01034
   180/299    0.824G   0.03234  0.009412  0.005781   0.04754        13       640     0.831    0.8752    0.9062    0.4487   0.04993  0.007376   0.01015
   181/299    0.824G   0.03354  0.009809  0.007826   0.05118        20       640     0.848    0.8769    0.9031    0.4659   0.05042  0.007374  0.009982
   182/299    0.824G    0.0337  0.009721  0.007323   0.05074         9       640     0.855     0.864    0.9225    0.4647   0.04955  0.007437  0.009701
   183/299    0.824G   0.03225  0.009261  0.007265   0.04878        12       640    0.9205    0.8409    0.9294    0.4752   0.04971  0.007223   0.01012
   184/299    0.824G   0.02957  0.009151  0.006711   0.04543        10       640    0.8519    0.8769    0.9324    0.4692   0.05082  0.007259   0.01035
   185/299    0.824G   0.03306  0.009258  0.006504   0.04883        14       640    0.8078    0.9144      0.91    0.4548   0.05019  0.007141    0.0101
   186/299    0.824G   0.03193  0.009601   0.00616    0.0477        16       640    0.8045     0.901    0.9229    0.4467   0.05119  0.007079  0.009872
   187/299    0.824G   0.03219  0.009421  0.005565   0.04717        14       640    0.8396    0.9078    0.9214    0.4689    0.0507  0.007103  0.009752
   188/299    0.824G   0.03162  0.009481  0.007091    0.0482        16       640    0.8816    0.8926    0.9359    0.4566   0.05002  0.007227  0.009726
   189/299    0.824G   0.03226  0.009729  0.005377   0.04737        26       640     0.888    0.9292    0.9472    0.4773   0.05066  0.007202  0.009973
   190/299    0.824G    0.0322  0.009399  0.005643   0.04725        10       640    0.9221    0.8763    0.9296    0.4884   0.05065  0.007171   0.01036
   191/299    0.824G   0.03035  0.009373  0.007446   0.04717        20       640    0.8608    0.8562    0.9083    0.4689   0.05115  0.007166   0.01016
   192/299    0.824G   0.03141  0.009275    0.0069   0.04758        18       640    0.8182    0.8755    0.8881    0.4465   0.05009  0.007191  0.009855
   193/299    0.824G   0.03046  0.009487  0.006918   0.04687        11       640    0.8902    0.8418    0.9152    0.4672   0.04973  0.007386    0.0101
   194/299    0.824G   0.03127  0.009613  0.006441   0.04733        12       640    0.7716    0.9206    0.9049    0.4773   0.05003  0.007168   0.01014
   195/299    0.824G   0.03298  0.009507  0.006892   0.04937         7       640    0.8616     0.874    0.9219    0.4566   0.05014  0.007319   0.01028
   196/299    0.824G   0.03096  0.009259  0.006752   0.04697        11       640    0.7929    0.9254    0.9107    0.4388   0.05018  0.007456   0.01046
   197/299    0.824G   0.03148    0.0093  0.005913    0.0467        16       640    0.8293    0.8786    0.8921    0.4553    0.0503   0.00725   0.01004
   198/299    0.824G   0.03013  0.009227  0.006409   0.04577        20       640    0.8205    0.9246    0.9211    0.4729   0.04978  0.007213   0.01015
   199/299    0.824G   0.03328  0.009239  0.007758   0.05028        20       640    0.8402    0.9315    0.9314    0.4647   0.05047  0.007106   0.01002
   200/299    0.824G   0.03181  0.009328  0.006181   0.04731        18       640    0.7917    0.9275    0.9043    0.4336   0.05038   0.00736   0.01038
   201/299    0.824G   0.03035  0.009324  0.005073   0.04474        13       640    0.8479    0.9177    0.9244    0.4664   0.04973  0.007141  0.009753
   202/299    0.824G   0.03179  0.009412  0.007175   0.04838        13       640    0.8406    0.8779    0.9132    0.4659    0.0487  0.007194    0.0097
   203/299    0.824G   0.03019  0.009286  0.006295   0.04577        10       640    0.8721    0.8875     0.934    0.4775   0.04774  0.007267   0.01008
   204/299    0.824G   0.03033  0.009182  0.005935   0.04544        18       640    0.8786    0.8974    0.9232    0.4672   0.04804  0.007312  0.009915
   205/299    0.824G   0.03461  0.009649  0.006216   0.05048        13       640    0.8836    0.8592     0.902    0.4489    0.0495  0.007179  0.009518
   206/299    0.824G   0.03153  0.009323  0.005699   0.04655        15       640    0.8451    0.8828    0.8976    0.4385   0.04924  0.007243  0.009548
   207/299    0.824G   0.03148  0.009595  0.006435   0.04751        10       640     0.837    0.9028    0.8985    0.4516   0.04897  0.007209   0.01015
   208/299    0.824G   0.02972  0.009324  0.005874   0.04492        14       640      0.85    0.8672    0.9059    0.4689   0.04889  0.007227  0.009693
   209/299    0.824G   0.03066  0.009303  0.008519   0.04848        16       640    0.8721      0.92    0.9492     0.483     0.049  0.007222  0.009756
   210/299    0.824G    0.0299  0.009388  0.005619   0.04491        18       640    0.8865    0.8403    0.9217    0.4713   0.04876  0.007222   0.01073
   211/299    0.824G   0.03331   0.00945  0.006273   0.04904        21       640    0.8743    0.9024    0.9342    0.4856   0.04923  0.007096  0.009909
   212/299    0.824G   0.03161  0.009004   0.00533   0.04594        15       640    0.8873    0.8918     0.932    0.4961   0.04928  0.007004  0.009821
   213/299    0.824G   0.03251   0.00918  0.006733   0.04843        14       640    0.8695    0.8815    0.9246    0.4768   0.04916  0.007153  0.009629
   214/299    0.824G   0.03317  0.009544  0.006382    0.0491        19       640    0.8447     0.902    0.9211     0.467   0.04967  0.007094   0.01003
   215/299    0.824G   0.02985  0.009567  0.006918   0.04633        14       640    0.8264    0.9101    0.9059    0.4698   0.04955   0.00711   0.00966
   216/299    0.824G   0.03006  0.009296  0.006199   0.04556        16       640    0.7935    0.9336    0.9098    0.4594   0.04972  0.007352   0.01003
   217/299    0.824G   0.03167  0.009424  0.005845   0.04694        18       640    0.8519    0.8885    0.9069    0.4703   0.04884  0.007192  0.009928
   218/299    0.824G    0.0328  0.009171   0.00603     0.048        23       640    0.8925    0.8763    0.9377    0.4895   0.04856   0.00714  0.009953
   219/299    0.824G   0.03182  0.009091  0.005494   0.04641         8       640    0.8774    0.9039    0.9271    0.4852   0.04858  0.007116   0.01031
   220/299    0.824G   0.03176  0.009534  0.005237   0.04653        15       640    0.8687    0.9114    0.9283    0.4861   0.04875  0.007055   0.01039
   221/299    0.824G    0.0301  0.008917  0.006192    0.0452        12       640     0.879    0.9023    0.9207     0.469   0.04885  0.007024  0.009996
   222/299    0.824G   0.03061   0.00892  0.005573   0.04511         4       640    0.8502    0.8943    0.9259    0.4721   0.04903  0.007002   0.00991
   223/299    0.824G   0.02911  0.009204  0.005806   0.04412         6       640    0.9053    0.8875    0.9306    0.4801   0.04929  0.007083  0.009781
   224/299    0.824G   0.02978  0.009195  0.006291   0.04526         5       640    0.8449    0.9253    0.9315    0.4874   0.04886  0.007044  0.009887
   225/299    0.824G   0.03048  0.009071  0.005296   0.04485        18       640      0.83    0.9466    0.9291    0.5006   0.04878  0.007012   0.01011
   226/299    0.824G   0.03171  0.009154  0.005871   0.04674        17       640    0.8404    0.9186    0.9197    0.4903   0.04883  0.007067   0.01009
   227/299    0.824G   0.03021  0.009122  0.005352   0.04468        23       640    0.9048      0.89    0.9317    0.4869   0.04882   0.00708  0.009916
   228/299    0.824G   0.02974  0.009022  0.005762   0.04452        14       640     0.901    0.8773     0.935    0.4917    0.0484  0.007124  0.009938
   229/299    0.824G   0.02919  0.009362  0.005162   0.04371        12       640    0.8713    0.9217     0.943    0.4898   0.04813  0.007105  0.009904
   230/299    0.824G    0.0295  0.009077   0.00537   0.04395        12       640     0.863    0.9453    0.9468    0.4961    0.0481   0.00716  0.009738
   231/299    0.824G   0.03005  0.009076  0.005435   0.04456        21       640    0.9044    0.8844    0.9364    0.4888   0.04807   0.00707  0.009698
   232/299    0.824G   0.03029  0.009196  0.005546   0.04503        19       640    0.9192    0.8632    0.9339    0.4864   0.04801  0.007061  0.009797
   233/299    0.824G   0.02935  0.009059  0.004848   0.04326        11       640     0.847     0.933    0.9265    0.4955   0.04759  0.007125  0.009698
   234/299    0.824G   0.02929  0.008997  0.006506   0.04479        23       640    0.8692    0.9178    0.9224    0.4835   0.04768  0.007132  0.009832
   235/299    0.824G   0.02918   0.00911  0.004441   0.04273        15       640    0.8587    0.9099    0.9131    0.4891   0.04751  0.007049   0.01035
   236/299    0.824G     0.031  0.009159  0.005695   0.04586        13       640    0.8662    0.9304    0.9268    0.4933   0.04703  0.007056   0.01031
   237/299    0.824G   0.03138  0.009286  0.006678   0.04734        11       640    0.8579     0.938    0.9262    0.4969   0.04747  0.007074   0.01009
   238/299    0.824G   0.03087  0.008974  0.007012   0.04686        15       640    0.8712      0.91    0.9269    0.5042   0.04745  0.007093  0.009917
   239/299    0.824G   0.03104  0.009102  0.005728   0.04587        12       640     0.907    0.9058    0.9394    0.5073    0.0474  0.007037  0.009521
   240/299    0.824G   0.03121  0.008827  0.007107   0.04715        12       640    0.8688    0.9073    0.9245     0.507   0.04738  0.007024  0.009574
   241/299    0.824G   0.03004   0.00937  0.005513   0.04493        21       640    0.8581    0.9332    0.9242    0.4868   0.04731  0.007019  0.009633
   242/299    0.824G   0.03145  0.009141  0.005089   0.04568        11       640    0.8695    0.9182    0.9258    0.4878   0.04729  0.007067  0.009591
   243/299    0.824G    0.0298  0.009017  0.004921   0.04374        13       640    0.8769    0.9239    0.9293    0.4918   0.04754  0.007061  0.009702
   244/299    0.824G   0.02972  0.009133  0.005194   0.04405        21       640    0.8776    0.9397    0.9403    0.5006   0.04726  0.007073  0.009713
   245/299    0.824G   0.02868  0.008875  0.004948   0.04251        11       640    0.9132    0.9255    0.9397    0.5125   0.04706  0.007034  0.009629
   246/299    0.824G   0.03086  0.009207  0.005813   0.04588         8       640    0.8896    0.9173    0.9389    0.5075   0.04723  0.007012  0.009433
   247/299    0.824G   0.03034  0.008973  0.005732   0.04505        14       640    0.8777    0.9213    0.9315    0.5057   0.04728  0.006975  0.009621
   248/299    0.824G   0.02998   0.00936  0.005537   0.04488        12       640    0.8884    0.9131     0.929    0.5014   0.04745  0.006975  0.009667
   249/299    0.824G   0.03217  0.009201  0.006784   0.04816        13       640    0.8844    0.9191    0.9285    0.5021   0.04772  0.007003  0.009648
   250/299    0.824G   0.03051  0.008991  0.005644   0.04514        12       640    0.8766     0.912    0.9268    0.4979   0.04781  0.006999  0.009628
   251/299    0.824G   0.03062  0.009033  0.006407   0.04606        13       640    0.8661    0.9315    0.9371     0.501   0.04761  0.006973  0.009481
   252/299    0.824G   0.03138  0.009121  0.005811   0.04631        13       640    0.9036    0.8964     0.935    0.4984   0.04763  0.006964  0.009538
   253/299    0.824G   0.03277  0.008846  0.005485    0.0471        14       640    0.8948    0.8975    0.9269    0.4967   0.04709  0.007029  0.009684
   254/299    0.824G   0.02843  0.008986  0.005008   0.04242        13       640    0.8562    0.9391    0.9249    0.5004   0.04717  0.007057  0.009674
   255/299    0.824G   0.02868  0.008858   0.00578   0.04331        18       640    0.8737    0.9421    0.9495    0.5144   0.04729   0.00704  0.009763
   256/299    0.824G   0.03119  0.009373  0.006218   0.04678        20       640    0.8768    0.9414    0.9408    0.5067   0.04728   0.00704  0.009589
   257/299    0.824G   0.02956  0.008954  0.005017   0.04353        14       640    0.9015    0.8866    0.9274     0.502   0.04706  0.007082  0.009419
   258/299    0.824G   0.02817  0.008838  0.006839   0.04384        17       640    0.9001    0.9117    0.9395    0.5169   0.04686  0.007047  0.009553
   259/299    0.824G   0.02848  0.008872  0.005337   0.04269        15       640    0.8864     0.916    0.9342    0.5145   0.04704  0.007027  0.009592
   260/299    0.824G   0.03119  0.008831  0.005235   0.04526        22       640    0.8736    0.9269    0.9337    0.5105   0.04721  0.007017  0.009361
   261/299    0.824G   0.02964  0.009095  0.006522   0.04526        16       640    0.8689    0.9424     0.939    0.5134   0.04707  0.007011  0.009254
   262/299    0.824G    0.0323  0.009107  0.004962   0.04637        15       640    0.8891    0.9159     0.944    0.5199   0.04699  0.007022  0.009256
   263/299    0.824G   0.03051  0.009208  0.005343   0.04507        10       640    0.8915    0.9143    0.9416    0.5186   0.04687  0.007017  0.009376
   264/299    0.824G   0.03009  0.008977  0.005454   0.04452        10       640    0.9133    0.8715    0.9393    0.5175   0.04678  0.007011  0.009457
   265/299    0.824G   0.02926  0.008844  0.006444   0.04455        10       640    0.9293    0.8698    0.9429    0.5209   0.04673  0.007038  0.009578
   266/299    0.824G   0.03091  0.008907  0.005437   0.04525         8       640    0.9247     0.868    0.9416    0.5231   0.04669  0.007046  0.009734
   267/299    0.824G   0.02978  0.009255  0.006439   0.04547         8       640    0.8936    0.8868     0.933    0.5162   0.04672  0.007031   0.00967
   268/299    0.824G   0.03081  0.008928  0.005183   0.04492        11       640    0.9013    0.8854    0.9333    0.5156   0.04681  0.007032   0.00962
   269/299    0.824G   0.02946  0.009205  0.005327   0.04399        15       640    0.8494    0.9372    0.9327     0.511    0.0468  0.007041  0.009637
   270/299    0.824G   0.02989  0.009106  0.004756   0.04375        14       640    0.8585    0.9391     0.934     0.516   0.04678  0.007025  0.009652
   271/299    0.824G   0.03167  0.008976  0.005761   0.04641        13       640    0.8755    0.9414    0.9404    0.5153   0.04687  0.007025  0.009565
   272/299    0.824G   0.02659  0.009058  0.004831   0.04048        14       640    0.8683    0.9414    0.9424    0.5128   0.04693  0.007022   0.00952
   273/299    0.824G   0.02946  0.009046  0.006474   0.04498         9       640    0.8755    0.9366    0.9417    0.5133   0.04687  0.007018  0.009518
   274/299    0.824G   0.02724  0.008618  0.004624   0.04048        19       640    0.8825    0.9111    0.9334    0.5011   0.04682   0.00701   0.00948
   275/299    0.824G   0.02929  0.008972  0.005948   0.04421        10       640    0.8604    0.9455    0.9355    0.5041   0.04676   0.00699  0.009502
   276/299    0.824G   0.02996   0.00904  0.005356   0.04435        24       640    0.9125    0.9099    0.9367    0.5072   0.04667  0.006983  0.009572
   277/299    0.824G   0.02997  0.008898  0.004599   0.04347        21       640    0.9146    0.8976    0.9314    0.5049   0.04663  0.006985  0.009562
   278/299    0.824G   0.02935  0.009153  0.004858   0.04336        14       640    0.8913    0.9218    0.9384    0.5035   0.04669   0.00698  0.009597
   279/299    0.824G   0.02836  0.009031  0.005357   0.04275        15       640    0.9073    0.9102    0.9367    0.5055    0.0468   0.00698  0.009608
   280/299    0.824G   0.02907  0.008626  0.005517   0.04321        12       640    0.9037    0.9222    0.9379    0.5017   0.04678  0.006989  0.009591
   281/299    0.824G   0.02894  0.008916  0.005133   0.04299        14       640     0.899    0.9126    0.9354    0.5041   0.04667  0.006993  0.009592
   282/299    0.824G   0.02919   0.00899  0.005438   0.04362         9       640    0.9088    0.9028    0.9372    0.5056   0.04667  0.006985  0.009672
   283/299    0.824G   0.03012  0.008914  0.005117   0.04415        13       640    0.9095    0.9023     0.936    0.5051   0.04666  0.006985    0.0097
   284/299    0.824G   0.02891  0.009014  0.006781    0.0447        13       640    0.8726    0.9326    0.9365    0.5033   0.04671  0.006982  0.009673
   285/299    0.824G    0.0289  0.009048  0.004958   0.04291        10       640    0.8821     0.923    0.9357    0.5005   0.04675   0.00698  0.009709
   286/299    0.824G   0.02787   0.00881  0.005254   0.04194        14       640    0.8702    0.9352    0.9347    0.4952   0.04666  0.006992  0.009748
   287/299    0.824G   0.02756  0.008817  0.005402   0.04178        27       640    0.8758    0.9357    0.9361    0.5024   0.04659   0.00699  0.009643
   288/299    0.824G   0.02818  0.008871  0.005017   0.04206        16       640     0.887    0.9122    0.9354    0.5009   0.04665  0.006982  0.009573
   289/299    0.824G   0.02893  0.008771  0.005211   0.04292         8       640     0.884     0.921    0.9365    0.5039   0.04679  0.006981  0.009518
   290/299    0.824G   0.03062  0.009045  0.005837    0.0455        14       640    0.8725    0.9341    0.9378    0.5099   0.04686  0.006971  0.009572
   291/299    0.824G    0.0305  0.008839  0.005049   0.04438        13       640    0.8825    0.9267    0.9383    0.5087   0.04684  0.006963  0.009681
   292/299    0.824G   0.03031  0.008872  0.005019    0.0442        19       640    0.8779    0.9295    0.9358    0.5009   0.04679  0.006961  0.009695
   293/299    0.824G   0.02892   0.00896  0.004438   0.04232        10       640    0.8798    0.9323    0.9379    0.5052   0.04673   0.00696  0.009651
   294/299    0.824G   0.02982  0.009136  0.006253   0.04521        14       640    0.8741    0.9376    0.9382    0.4996   0.04668  0.006967  0.009656
   295/299    0.824G   0.02971  0.009128  0.005473   0.04431        17       640    0.8883    0.9208    0.9386    0.5064   0.04668   0.00697  0.009616
   296/299    0.824G   0.03064  0.009067  0.006172   0.04588        10       640    0.8731    0.9352    0.9375    0.5018    0.0467  0.006971  0.009624
   297/299    0.824G   0.03176  0.008986  0.005081   0.04583        14       640    0.8813    0.9308    0.9357    0.5019   0.04671  0.006967  0.009633
   298/299    0.824G   0.02988  0.008947  0.005208   0.04403        16       640    0.8841    0.9298     0.939    0.4984   0.04668  0.006966  0.009625
   299/299    0.824G   0.02781  0.008801  0.004773   0.04138        13       640    0.8783    0.9327    0.9391    0.4996    0.0467  0.006963  0.009639
